0000001.jpg 169 135 389 355 0 245 209 304 267 1 229 150 304 187 2 334 189 372 266 2 186 218 223 294 2 254 297 330 336 2
0000002.jpg 173 137 389 353 0 244 210 302 267 1 229 150 302 188 2 333 188 371 264 2 187 219 224 294 2 255 296 330 336 2
0000003.jpg 155 129 406 380 0 269 208 335 277 1 225 143 309 189 2 346 187 391 268 2 275 308 357 359 2 181 226 231 317 2
0000004.jpg 255 114 479 341 0 333 199 393 259 1 300 130 376 177 2 417 160 465 239 2 271 217 315 292 2 354 278 429 325 2
0000005.jpg 256 120 479 343 0 333 201 394 263 1 301 133 376 181 2 417 164 465 242 2 356 282 432 328 2 270 221 316 295 2
0000006.jpg 257 121 480 344 0 335 205 395 264 1 302 135 376 183 2 416 166 465 242 2 272 222 317 297 2 357 283 432 329 2
0000007.jpg 259 122 481 344 0 336 205 396 264 1 304 136 378 184 2 418 167 466 244 2 274 224 318 297 2 358 284 434 329 2
0000008.jpg 266 125 487 344 0 343 206 403 265 1 311 139 384 186 2 424 170 472 245 2 365 284 440 330 2 282 225 326 298 2
0000009.jpg 152 128 404 381 0 267 210 334 278 1 224 145 308 188 2 345 189 390 269 2 178 226 229 317 2 272 309 355 359 2
0000010.jpg 176 91 360 278 0 243 156 292 206 1 225 104 291 137 2 316 142 348 207 2 247 232 311 264 2 188 162 222 227 2
0000011.jpg 348 135 585 365 0 425 222 488 284 1 370 162 433 227 2 485 159 555 225 2 487 278 554 342 2 370 276 434 340 2
0000012.jpg 197 57 515 373 0 301 128 384 197 1 240 82 331 150 2 397 86 479 162 2 370 226 467 306 2 220 211 299 294 2
0000013.jpg 175 112 418 356 0 267 204 334 270 1 197 142 264 216 2 318 135 390 201 2 332 254 396 326 2 205 271 278 335 2
0000014.jpg 127 44 289 208 0 180 99 222 141 1 178 54 234 80 2 250 96 275 153 2 138 95 164 152 2 181 167 235 192 2
0000015.jpg 149 129 401 384 0 265 211 332 279 1 221 145 304 191 2 342 190 386 271 2 177 227 227 318 2 270 309 352 360 2
0000016.jpg 141 105 383 346 0 222 211 286 272 1 189 130 275 177 2 314 169 362 251 2 155 215 205 295 2 244 287 323 331 2
0000017.jpg 199 95 515 407 0 304 162 387 234 1 243 120 332 187 2 221 247 300 331 2 371 264 469 343 2 399 126 480 201 2
0000018.jpg 183 104 369 292 0 234 170 280 219 1 247 117 311 149 2 194 156 224 219 2 313 175 345 242 2 227 245 287 277 2
0000019.jpg 227 155 474 402 0 321 261 388 325 1 246 212 297 292 2 347 178 430 232 2 404 278 458 357 2 275 334 358 386 2
0000020.jpg 146 132 398 386 0 263 214 331 282 1 219 149 303 192 2 340 192 385 273 2 267 312 350 364 2 173 230 224 322 2
0000021.jpg 145 134 399 387 0 263 215 330 283 1 218 149 303 193 2 340 194 385 275 2 173 231 224 323 2 267 314 349 366 2
0000022.jpg 147 134 399 387 0 263 215 331 284 1 219 149 304 193 2 341 194 386 275 2 173 231 225 323 2 267 315 350 365 2
0000023.jpg 145 135 398 389 0 264 217 331 284 1 220 150 304 194 2 341 195 385 277 2 173 231 225 324 2 267 316 350 366 2
0000024.jpg 146 134 400 388 0 266 216 331 284 1 221 150 306 194 2 342 195 385 277 2 268 316 350 366 2 174 231 226 324 2
0000025.jpg 145 135 399 390 0 266 217 332 285 1 221 150 306 194 2 342 196 386 277 2 175 231 226 324 2 268 317 351 367 2
0000026.jpg 289 127 505 344 0 365 199 423 256 1 329 143 399 190 2 441 166 491 237 2 390 279 464 327 2 303 229 349 299 2
0000027.jpg 289 129 504 344 0 365 199 422 256 1 329 143 399 189 2 440 165 490 236 2 390 278 465 326 2 303 228 349 298 2
0000028.jpg 290 129 506 344 0 366 198 424 255 1 330 142 399 189 2 441 165 491 236 2 391 277 465 325 2 305 228 350 297 2
0000029.jpg 291 129 507 345 0 366 198 424 255 1 331 142 400 188 2 442 164 492 236 2 305 228 351 297 2 391 277 465 325 2
0000030.jpg 291 128 507 344 0 366 199 424 255 1 331 143 400 189 2 442 165 492 236 2 306 229 351 298 2 392 277 466 326 2
0000031.jpg 291 129 507 345 0 367 199 425 256 1 332 143 402 190 2 442 166 492 237 2 306 229 352 298 2 393 278 466 326 2
0000032.jpg 292 130 509 346 0 368 200 425 256 1 333 144 401 191 2 443 166 494 237 2 394 279 467 327 2 307 230 352 299 2
0000033.jpg 293 130 509 347 0 368 201 426 257 1 333 144 401 191 2 444 167 494 238 2 307 230 352 300 2 394 279 467 327 2
0000034.jpg 292 132 507 347 0 367 201 424 258 1 332 146 401 192 2 442 167 492 238 2 306 232 351 301 2 392 280 466 328 2
0000035.jpg 293 132 507 347 0 366 202 424 258 1 332 146 400 193 2 441 168 492 239 2 393 281 466 328 2 306 232 352 301 2
0000036.jpg 173 71 468 364 0 278 184 359 265 1 266 89 374 138 2 401 167 448 273 2 193 168 240 273 2 269 300 373 346 2
0000037.jpg 19 143 297 411 0 109 236 182 307 1 44 175 118 254 2 178 166 258 234 2 193 295 266 376 2 50 315 132 387 2
0000038.jpg 154 76 495 419 0 272 202 368 299 1 191 111 288 204 2 366 116 461 215 2 355 292 455 387 2 185 280 278 380 2
0000039.jpg 160 135 324 297 0 219 193 261 236 1 187 147 238 186 2 272 161 310 212 2 247 245 298 283 2 174 220 214 270 2
0000040.jpg 215 131 457 370 0 301 216 365 279 1 283 145 367 185 2 398 198 440 282 2 300 313 386 354 2 231 217 270 299 2
0000041.jpg 190 96 509 408 0 298 163 379 234 1 234 118 326 187 2 391 124 472 201 2 364 264 461 343 2 214 247 292 332 2
0000042.jpg 135 60 311 237 0 195 119 241 165 1 158 75 210 120 2 248 83 292 135 2 235 174 282 218 2 151 159 197 210 2
0000043.jpg 182 101 501 417 0 287 171 370 244 1 224 126 316 195 2 382 131 464 207 2 355 272 453 353 2 204 257 284 342 2
0000044.jpg 145 108 381 344 0 234 197 298 260 1 165 139 229 213 2 281 129 350 191 2 303 243 362 313 2 179 265 253 325 2
0000045.jpg 159 69 433 348 0 259 171 335 249 1 217 85 312 146 2 361 129 415 225 2 176 193 235 291 2 282 271 371 330 2
0000046.jpg 105 81 437 413 0 219 208 314 300 1 230 103 351 164 2 358 211 415 326 2 125 172 185 289 2 194 334 311 392 2
0000047.jpg 109 38 530 453 0 259 193 384 311 1 266 62 417 138 2 430 195 504 338 2 136 153 211 302 2 227 356 374 427 2
0000048.jpg 229 139 392 303 0 290 194 333 237 1 246 156 291 202 2 327 155 374 199 2 331 235 377 282 2 247 239 295 284 2
0000049.jpg 299 142 465 307 0 378 200 420 243 1 326 158 372 204 2 405 159 450 204 2 327 242 374 289 2 408 240 451 288 2
0000050.jpg 230 198 412 381 0 297 279 345 326 1 248 224 298 277 2 340 223 393 274 2 342 313 394 363 2 251 316 303 364 2
0000051.jpg 255 190 426 361 0 324 243 367 285 1 276 207 322 252 2 358 206 406 250 2 363 286 409 335 2 275 289 325 338 2
0000052.jpg 280 152 451 326 0 376 205 415 248 1 319 164 364 207 2 396 175 437 224 2 318 244 364 299 2 398 258 437 303 2
0000053.jpg 253 187 454 389 0 332 263 386 317 1 275 209 332 266 2 377 209 434 265 2 378 310 435 368 2 274 312 333 369 2
0000054.jpg 182 155 383 359 0 232 232 281 286 1 287 174 346 229 2 297 277 351 338 2 202 283 255 338 2 197 181 245 240 2
0000055.jpg 236 146 429 336 0 297 198 346 246 1 265 159 321 203 2 360 166 408 221 2 334 261 396 310 2 250 241 294 297 2
0000056.jpg 299 183 494 379 0 397 236 445 285 1 328 249 366 318 2 399 318 461 355 2 448 229 485 290 2 357 194 417 223 2
0000057.jpg 280 192 490 401 0 366 271 423 326 1 333 205 405 245 2 437 240 477 311 2 299 278 339 351 2 373 345 444 386 2
0000058.jpg 248 209 480 438 0 343 324 404 382 1 309 239 393 282 2 426 279 466 353 2 267 317 311 391 2 345 386 421 424 2
0000059.jpg 140 137 338 330 0 339 151 535 343 0 210 187 262 234 1 424 201 474 249 1 160 160 212 211 2 253 150 312 196 2 269 233 321 293 2 163 252 225 303 2
0000060.jpg 69 108 333 364 0 333 159 525 376 0 188 185 257 252 1 437 228 484 284 1 103 132 179 204 2 234 132 305 197 2 253 249 316 323 2 109 262 196 335 2 370 172 427 222 2 465 191 510 254 2 360 268 413 339 2 454 298 505 352 2
0000061.jpg 75 119 304 346 0 310 145 534 367 0 152 201 213 262 1 404 225 464 286 1 94 146 157 216 2 207 140 277 199 2 104 268 175 328 2 225 249 286 319 2 346 160 415 217 2 462 176 517 244 2 436 292 503 348 2 331 264 388 334 2
0000062.jpg 50 123 237 301 0 417 120 600 292 0 106 181 154 226 1 504 175 549 220 1 64 148 111 202 2 148 136 203 178 2 170 214 215 270 2 75 239 132 283 2 451 132 502 176 2 540 141 585 191 2 528 229 580 274 2 444 212 490 266 2
0000063.jpg 103 42 287 222 0 368 240 555 422 0 164 94 210 139 1 453 307 500 356 1 119 67 165 119 2 202 55 258 98 2 223 134 268 188 2 129 156 185 200 2 395 257 447 306 2 488 259 537 311 2 487 352 537 403 2 395 348 446 401 2
0000064.jpg 92 70 271 244 0 359 249 559 447 0 139 125 182 171 1 433 328 486 380 1 105 99 145 153 2 178 81 231 121 2 203 156 244 212 2 117 187 168 227 2 379 272 433 325 2 478 272 536 327 2 480 372 538 428 2 379 368 435 424 2
0000065.jpg 211 36 371 196 0 151 288 330 469 0 212 356 259 403 1 270 77 311 115 1 225 56 266 100 2 299 48 347 84 2 318 114 357 160 2 234 132 284 169 2 253 304 304 349 2 168 312 214 365 2 171 405 227 453 2 266 388 312 444 2
0000066.jpg 98 81 276 255 0 382 150 556 318 0 157 137 202 181 1 463 208 505 251 1 111 108 155 160 2 192 95 246 136 2 216 169 258 224 2 124 195 180 237 2 406 172 448 221 2 483 164 532 206 2 501 243 542 293 2 414 257 466 300 2
0000067.jpg 54 264 235 440 0 420 95 585 252 0 110 332 155 377 1 499 142 540 182 1 65 324 94 386 2 111 278 172 305 2 188 317 215 379 2 110 398 173 428 2 445 112 484 156 2 518 107 564 147 2 534 179 573 226 2 452 190 500 231 2
0000068.jpg 328 79 488 237 0 304 239 470 405 0 374 299 417 342 1 398 126 438 165 1 320 276 351 333 2 377 250 433 281 2 430 307 461 365 2 347 359 405 393 2 415 90 464 127 2 346 101 384 148 2 359 179 409 217 2 442 158 478 205 2
0000069.jpg 284 93 448 255 0 286 255 457 428 0 356 318 400 363 1 351 141 393 182 1 356 102 410 132 2 408 157 438 211 2 325 205 382 236 2 298 126 330 180 2 363 266 420 299 2 414 328 447 388 2 327 380 386 415 2 301 291 335 350 2
0000070.jpg 157 184 305 330 0 290 122 434 264 0 280 267 428 415 0 207 233 245 272 1 348 165 386 202 1 338 322 377 362 1 185 193 233 224 2 261 210 292 257 2 166 252 198 300 2 226 284 275 318 2 302 148 333 194 2 358 130 405 159 2 396 185 425 231 2 322 220 370 250 2 352 277 401 309 2 386 337 418 387 2 309 371 358 405 2 292 294 324 343 2
0000071.jpg 151 64 296 207 0 279 130 421 271 0 267 271 415 421 0 327 328 365 366 1 337 174 373 209 1 202 104 239 139 1 175 73 220 106 2 249 84 283 126 2 227 153 272 187 2 163 134 198 177 2 291 155 321 201 2 346 137 393 167 2 383 192 412 238 2 309 226 358 256 2 281 300 313 350 2 339 282 388 314 2 376 340 407 391 2 299 377 349 411 2
0000072.jpg 208 113 350 255 0 349 113 492 253 0 220 255 367 405 0 275 310 314 349 1 261 157 298 193 1 412 155 448 190 1 215 141 246 188 2 271 122 318 149 2 312 173 340 219 2 239 212 288 240 2 229 288 259 340 2 284 265 333 293 2 328 316 357 368 2 253 363 305 393 2 367 126 404 165 2 433 123 475 160 2 444 190 480 230 2 372 196 414 233 2
0000073.jpg 204 104 347 248 0 347 104 491 247 0 215 247 362 396 0 257 151 294 188 1 410 150 446 186 1 270 305 307 343 1 214 133 244 181 2 268 113 316 142 2 235 205 284 234 2 309 166 338 213 2 226 282 255 332 2 280 259 329 288 2 323 311 352 362 2 248 356 299 385 2 366 120 404 159 2 434 117 475 155 2 441 185 479 226 2 369 190 411 229 2
0000074.jpg 74 155 236 309 0 237 157 388 310 0 387 162 541 312 0 125 208 165 248 1 293 211 333 250 1 456 215 495 254 1 85 182 121 233 2 150 165 202 199 2 184 227 219 279 2 103 262 155 296 2 246 187 278 238 2 306 167 356 198 2 346 225 377 276 2 266 265 319 297 2 409 178 449 219 2 482 177 525 218 2 486 251 526 294 2 410 253 453 295 2
0000075.jpg 73 65 224 209 0 359 68 504 211 0 222 274 369 424 0 119 108 156 143 1 423 111 460 146 1 275 333 313 372 1 83 90 116 136 2 143 74 190 105 2 174 129 206 175 2 99 161 147 192 2 380 84 418 121 2 449 83 488 119 2 382 151 423 189 2 454 149 491 189 2 284 287 334 314 2 231 309 260 361 2 330 338 358 388 2 255 385 306 414 2
0000076.jpg 203 77 341 216 0 372 102 507 236 0 238 297 384 446 0 256 117 292 151 1 436 142 469 175 1 297 354 334 393 1 222 88 263 122 2 292 94 329 132 2 216 151 254 191 2 284 160 325 195 2 393 115 428 150 2 456 115 493 150 2 462 178 496 215 2 396 179 434 215 2 302 308 350 335 2 250 332 279 383 2 348 358 374 409 2 273 406 325 435 2
0000077.jpg 251 69 388 209 0 55 280 215 435 0 417 97 558 232 0 104 340 145 381 1 485 139 520 172 1 305 109 341 143 1 107 293 160 317 2 173 328 197 382 2 65 333 90 387 2 103 398 159 424 2
0000078.jpg 216 82 348 215 0 27 281 179 426 0 496 85 635 211 0 71 338 108 375 1 265 122 299 155 1 569 123 602 154 1 35 329 60 379 2 75 293 126 315 2 136 328 159 377 2 70 391 122 415 2 227 152 262 191 2 235 93 275 125 2 302 100 336 137 2 290 164 331 197 2 522 99 554 135 2 580 95 619 127 2 530 162 569 195 2 595 154 626 191 2
0000079.jpg 37 285 201 439 0 247 98 374 226 0 487 134 598 243 0 98 344 140 384 1 307 136 338 168 1 555 168 578 195 1 47 333 77 389 2 97 296 153 319 2 162 335 188 386 2 86 402 145 428 2 272 106 311 135 2 335 119 366 158 2 322 181 359 210 2 264 160 297 201 2 517 145 540 174 2 559 145 586 174 2 568 196 590 226 2 521 197 550 228 2
0000080.jpg 1 276 148 423 0 308 251 448 394 0 470 53 616 189 0 30 333 68 371 1 365 305 401 342 1 543 91 577 124 1 36 287 88 310 2 100 321 123 372 2 1 325 22 378 2 33 388 86 412 2 329 265 371 301 2 400 272 437 314 2 323 331 359 375 2 389 344 432 381 2 495 69 528 108 2 555 63 596 96 2 572 123 606 162 2 504 135 545 168 2
0000081.jpg 118 271 264 415 0 198 163 330 294 0 333 304 476 448 0 475 115 610 240 0 165 320 202 357 1 245 199 278 231 1 394 355 430 392 1 542 148 574 177 1 126 314 152 365 2 168 280 216 302 2 225 315 249 364 2 158 378 210 402 2 219 171 259 201 2 286 180 318 217 2 208 227 240 266 2 267 243 309 275 2 355 317 395 354 2 424 322 463 363 2 420 394 461 434 2 351 385 390 430 2 497 131 525 166 2 548 125 588 153 2 573 176 601 212 2 509 189 550 219 2
0000082.jpg 195 148 325 278 0 117 259 260 400 0 261 255 397 395 0 469 98 604 221 0 537 129 568 157 1 241 185 274 216 1 163 305 200 342 1 312 301 348 337 1 125 301 149 351 2 165 267 213 288 2 224 300 246 349 2 158 363 209 386 2 274 335 313 376 2 343 337 383 377 2 344 269 382 307 2 276 268 315 305 2 214 157 254 187 2 281 165 313 202 2 204 212 236 251 2 263 228 305 259 2 492 113 519 147 2 504 170 545 199 2 568 156 596 191 2 542 105 581 132 2
0000083.jpg 258 47 382 173 0 478 105 613 232 0 197 153 327 283 0 123 264 262 397 0 167 312 202 347 1 243 194 276 227 1 305 80 337 110 1 545 144 577 175 1 131 304 154 352 2 169 272 215 293 2 224 307 247 353 2 162 365 210 387 2 218 162 259 192 2 284 172 316 211 2 207 218 238 258 2 265 236 306 267 2 267 77 289 119 2 305 53 348 74 2 352 89 373 130 2 293 133 337 154 2 500 122 530 159 2 555 116 593 146 2 573 171 604 209 2 509 184 548 215 2
0000084.jpg 271 20 398 151 0 213 130 344 261 0 344 122 475 252 0 138 242 277 378 0 183 291 218 327 1 259 171 293 204 1 321 54 354 85 1 398 163 432 195 1 184 251 231 272 2 240 285 263 333 2 178 345 227 367 2 146 284 169 331 2 233 139 274 170 2 222 196 254 237 2 281 215 323 246 2 301 149 333 189 2 282 51 304 93 2 321 27 365 49 2 368 64 390 106 2 307 109 352 130 2 415 132 455 163 2 357 140 389 179 2 366 205 407 237 2 434 189 465 229 2
0000085.jpg 261 50 398 188 0 195 170 337 311 0 337 162 479 300 0 275 285 417 431 0 314 90 349 124 1 398 209 434 245 1 245 218 281 255 1 330 344 367 381 1 294 301 336 338 2 367 306 404 348 2 356 379 399 419 2 288 369 326 413 2 218 181 262 214 2 291 192 325 235 2 206 242 240 287 2 269 264 313 298 2 353 181 388 224 2 417 173 460 207 2 435 236 469 279 2 363 252 406 287 2 272 83 296 129 2 315 57 362 81 2 365 99 389 145 2 299 147 347 171 2
0000086.jpg 46 188 189 322 0 307 39 434 167 0 378 138 511 267 0 322 253 456 387 0 87 232 121 266 1 377 301 411 336 1 437 178 470 211 1 359 72 391 102 1 59 203 97 241 2 126 200 165 234 2 129 262 166 302 2 60 270 99 305 2 336 328 371 369 2 400 337 440 374 2 409 269 444 308 2 341 264 380 298 2 395 156 426 194 2 452 148 492 179 2 404 220 444 252 2 471 205 502 244 2 319 69 341 110 2 344 126 388 147 2 404 82 426 124 2 358 46 400 67 2
0000087.jpg 9 187 149 313 0 261 46 378 166 0 275 243 402 370 0 505 147 639 271 0 46 227 81 259 1 324 287 357 319 1 306 76 336 103 1 574 185 605 215 1 23 201 60 238 2 88 198 123 230 2 89 256 124 294 2 22 265 60 298 2 287 315 321 353 2 349 322 387 357 2 357 258 390 295 2 292 254 329 287 2 270 74 290 111 2 306 53 346 71 2 350 85 370 123 2 294 126 336 145 2 530 162 560 195 2 585 159 622 190 2 599 215 630 249 2 536 220 574 252 2
0000088.jpg 23 171 159 295 0 281 46 402 170 0 514 183 640 304 0 253 339 378 471 0 59 213 92 245 1 584 225 616 256 1 329 81 360 111 1 300 396 333 429 1 36 183 73 217 2 101 183 135 218 2 34 244 70 279 2 98 244 134 279 2 276 353 317 381 2 341 367 369 408 2 313 433 355 463 2 262 405 290 448 2 542 195 575 227 2 602 197 636 230 2 603 257 636 290 2 542 253 576 288 2 292 73 314 113 2 333 54 373 76 2 372 94 394 133 2 312 130 354 153 2
0000089.jpg 4 177 143 303 0 246 178 370 304 0 501 179 634 298 0 241 341 369 476 0 42 219 76 251 1 292 221 325 253 1 289 398 323 432 1 569 219 600 250 1 18 190 55 225 2 84 190 119 223 2 81 250 117 286 2 16 252 52 287 2 255 215 276 259 2 290 187 333 208 2 340 221 361 264 2 283 272 327 292 2 264 356 306 385 2 330 369 359 410 2 250 410 279 454 2 303 436 346 467 2 527 190 560 223 2 586 191 620 224 2 529 249 563 283 2 590 250 622 285 2
0000090.jpg 33 175 164 295 0 157 159 278 280 0 279 160 397 280 0 521 159 640 279 0 69 216 101 246 1 197 198 228 229 1 324 198 355 228 1 590 197 621 228 1 46 190 80 224 2 106 187 140 218 2 46 250 81 282 2 109 243 142 278 2 175 169 212 197 2 236 176 266 211 2 166 222 195 258 2 220 236 257 265 2 288 193 307 234 2 322 167 363 186 2 370 199 389 240 2 315 247 357 267 2 548 172 579 204 2 605 171 640 203 2 612 228 640 262 2 551 230 586 262 2
0000091.jpg 64 163 194 288 0 190 148 314 274 0 314 153 439 277 0 438 149 567 273 0 101 204 133 236 1 232 190 264 222 1 364 194 396 225 1 495 190 527 222 1 76 177 110 212 2 138 175 173 207 2 140 234 174 270 2 78 239 113 272 2 209 159 247 188 2 272 167 302 204 2 199 213 229 251 2 255 229 293 260 2 325 186 346 229 2 361 160 404 181 2 410 195 431 238 2 352 244 395 264 2 453 167 482 205 2 507 158 546 188 2 527 213 557 252 2 463 230 502 260 2
0000092.jpg 146 150 272 275 0 273 143 398 270 0 398 138 529 265 0 281 271 409 398 0 187 190 220 222 1 320 184 352 216 1 454 178 487 211 1 330 319 362 352 1 165 159 203 189 2 228 165 259 202 2 213 228 251 260 2 156 215 187 253 2 283 180 303 223 2 317 151 361 171 2 369 184 390 228 2 311 236 356 257 2 412 157 441 196 2 466 147 506 175 2 490 200 519 240 2 424 221 465 251 2 292 291 321 333 2 346 279 387 308 2 371 334 400 376 2 303 358 345 389 2
0000093.jpg 88 259 225 392 0 291 247 421 376 0 275 118 402 247 0 402 108 533 235 0 129 310 163 344 1 342 295 375 329 1 325 159 358 192 1 459 148 492 180 1 97 282 130 323 2 156 270 197 300 2 176 328 208 370 2 107 350 149 382 2 302 270 330 312 2 355 255 397 284 2 383 308 412 352 2 316 337 359 367 2 286 157 306 201 2 319 126 363 146 2 374 158 395 202 2 317 213 363 233 2 416 129 444 169 2 468 116 510 144 2 430 193 471 222 2 495 168 524 209 2
0000094.jpg 99 75 229 203 0 394 101 523 226 0 293 240 418 368 0 91 258 227 389 0 132 309 166 343 1 341 287 374 320 1 451 140 483 171 1 139 113 171 144 1 127 83 169 108 2 189 100 215 140 2 154 161 196 186 2 107 128 133 169 2 100 282 131 323 2 157 270 198 299 2 179 325 210 367 2 111 350 153 381 2 301 264 329 306 2 317 330 359 358 2 383 300 410 342 2 352 248 394 275 2 409 123 435 162 2 458 109 499 136 2 488 159 514 199 2 423 185 464 212 2
0000095.jpg 65 82 197 206 0 53 260 192 391 0 254 243 379 370 0 458 212 593 335 0 93 311 127 345 1 301 290 334 323 1 524 256 556 287 1 104 118 136 148 1 73 133 98 173 2 119 165 162 190 2 156 105 180 145 2 93 88 135 113 2 63 285 95 325 2 121 272 162 301 2 141 327 172 369 2 263 267 291 309 2 315 252 356 279 2 344 302 371 345 2 278 333 320 361 2 73 351 114 382 2 484 287 520 321 2 482 225 514 259 2 542 224 578 257 2 548 285 581 321 2
0000096.jpg 87 71 217 196 0 307 53 429 175 0 478 207 616 331 0 74 252 211 381 0 114 300 148 334 1 127 107 158 138 1 356 87 387 117 1 547 251 579 284 1 84 274 115 314 2 142 262 182 292 2 161 318 192 360 2 93 341 134 372 2 95 122 120 163 2 140 156 183 180 2 177 96 202 136 2 116 78 158 102 2 318 87 337 128 2 350 60 392 78 2 402 91 422 133 2 346 141 389 160 2 504 220 537 255 2 565 221 601 254 2 570 282 603 318 2 506 283 542 318 2
0000097.jpg 235 156 394 315 0 295 208 337 250 1 247 185 282 238 2 311 166 363 199 2 350 228 383 280 2 266 266 321 301 2
0000098.jpg 153 156 337 338 0 202 222 247 270 1 163 193 199 253 2 231 168 290 207 2 274 240 314 304 2 184 285 242 326 2
0000099.jpg 227 163 426 367 0 333 227 381 280 1 261 185 310 246 2 348 180 402 230 2 374 270 415 332 2 274 291 336 345 2
0000100.jpg 228 76 427 271 0 304 124 357 173 1 242 108 286 168 2 321 86 387 124 2 373 156 415 219 2 267 202 337 244 2
0000101.jpg 162 169 358 369 0 216 234 264 285 1 174 212 211 277 2 243 181 307 218 2 295 249 335 320 2 197 310 262 350 2
0000102.jpg 292 201 490 396 0 374 272 425 324 1 310 236 354 301 2 390 214 454 258 2 434 294 477 360 2 332 339 398 382 2
0000103.jpg 43 192 247 384 0 107 259 158 310 1 56 228 102 293 2 139 204 203 245 2 184 278 226 343 2 80 327 147 369 2
0000104.jpg 310 46 547 287 0 430 126 490 190 1 345 79 402 156 2 447 65 516 126 2 482 174 533 248 2 362 206 437 266 2
0000105.jpg 125 156 305 333 0 178 216 226 263 1 135 190 174 249 2 205 167 264 204 2 249 236 287 297 2 156 281 216 319 2
0000106.jpg 147 85 338 274 0 322 160 517 351 0 210 148 261 199 1 403 229 453 279 1 159 126 197 191 2 228 97 293 134 2 286 165 324 230 2 188 222 254 260 2 340 211 374 278 2 398 174 465 206 2 471 231 504 298 2 379 303 446 336 2
0000107.jpg 29 73 218 251 0 355 246 543 433 0 82 128 128 173 1 434 319 484 368 1 41 134 71 195 2 82 83 144 113 2 92 203 154 233 2 164 120 194 182 2 373 309 402 374 2 417 261 482 291 2 501 306 532 371 2 422 390 488 421 2
0000108.jpg 176 15 333 172 0 322 298 492 472 0 393 367 437 412 1 231 57 271 94 1 187 38 225 86 2 256 24 306 58 2 284 86 320 135 2 202 115 252 149 2 341 327 382 379 2 414 315 467 357 2 440 391 480 445 2 352 415 406 457 2
0000109.jpg 33 215 212 386 0 362 85 548 264 0 80 287 123 330 1 436 149 484 198 1 46 244 86 295 2 121 233 173 275 2 143 311 183 362 2 58 330 108 371 2 383 108 430 162 2 470 101 524 150 2 479 189 529 242 2 387 200 441 247 2
0000110.jpg 51 36 227 206 0 323 255 497 430 0 103 86 148 128 1 396 322 441 368 1 61 82 91 139 2 113 45 172 72 2 181 91 209 149 2 99 159 159 187 2
0000111.jpg 82 6 258 179 0 59 274 247 456 0 138 54 183 97 1 117 345 166 394 1 149 15 208 44 2 93 47 124 104 2 211 67 242 125 2 128 128 188 156 2 98 289 160 326 2 190 311 229 372 2 70 359 107 421 2 141 405 203 443 2
0000112.jpg 111 202 280 368 0 439 117 614 280 0 163 265 206 308 1 521 173 564 215 1 122 272 153 328 2 178 325 236 355 2 231 242 263 299 2 150 215 207 247 2 466 138 507 186 2 542 131 592 172 2 556 207 600 257 2 471 222 522 263 2
0000113.jpg 139 97 306 260 0 406 145 577 309 0 193 149 236 192 1 483 202 525 244 1 164 108 214 149 2 248 118 288 168 2 227 202 278 242 2 151 182 193 232 2 425 174 462 227 2 492 156 546 192 2 529 223 565 276 2 443 258 498 294 2
0000114.jpg 294 41 454 202 0 442 260 612 423 0 525 326 566 368 1 358 90 400 131 1 308 80 336 134 2 359 50 414 79 2 416 101 444 157 2 337 157 393 185 2 487 275 540 307 2 465 336 498 390 2 568 297 601 351 2 526 379 580 413 2
0000115.jpg 158 120 347 309 0 347 122 537 308 0 224 184 274 235 1 431 187 478 235 1 185 134 245 181 2 172 220 221 280 2 261 243 321 291 2 284 146 332 204 2 367 156 408 217 2 441 136 503 176 2 485 211 525 273 2 388 252 450 293 2
0000116.jpg 198 110 395 310 0 338 99 525 285 0 246 184 292 237 1 418 162 466 211 1 215 133 263 190 2 303 128 357 188 2 304 234 359 290 2 216 233 264 287 2 430 112 491 152 2 473 187 513 248 2 381 228 439 270 2
0000117.jpg 176 47 352 221 0 384 162 565 335 0 238 98 283 143 1 464 222 510 267 1 188 86 221 144 2 248 57 307 89 2 306 112 338 172 2 218 169 279 202 2 403 194 440 251 2 470 172 530 210 2 516 241 555 299 2 425 284 486 322 2
0000118.jpg 227 182 419 371 0 256 57 435 236 0 296 283 346 327 1 327 116 374 163 1 238 238 277 297 2 312 212 381 251 2 364 282 405 339 2 268 326 330 359 2 271 96 308 156 2 336 69 397 104 2 390 134 425 195 2
0000119.jpg 197 180 357 342 0 281 106 446 271 0 254 237 296 280 1 368 146 406 184 1 206 216 240 271 2 232 298 288 330 2 315 252 345 305 2 308 122 344 166 2 371 116 419 156 2 405 186 437 232 2 324 199 377 241 2
0000120.jpg 146 86 322 259 0 254 162 417 328 0 317 219 360 262 1 191 127 232 167 1 155 152 182 206 2 199 197 259 231 2 266 116 295 170 2 190 95 245 124 2 329 173 384 207 2 373 235 407 291 2 287 280 344 314 2
0000121.jpg 110 178 288 362 0 245 181 412 355 0 139 247 176 294 1 303 247 347 292 1 122 200 161 251 2 123 290 162 341 2 193 196 237 248 2 194 291 239 344 2 280 194 340 226 2 367 223 401 282 2 311 310 371 343 2
0000122.jpg 117 211 307 400 0 210 114 394 296 0 161 314 205 357 1 276 181 324 229 1 127 290 155 346 2 153 245 216 274 2 241 291 276 354 2 183 365 242 390 2 224 145 266 205 2 301 126 362 170 2 338 205 379 264 2
0000123.jpg 97 45 266 209 0 243 205 404 366 0 390 147 550 305 0 151 95 195 138 1 305 266 347 309 1 464 202 503 243 1 111 68 153 117 2 186 57 237 97 2 206 130 247 180 2 121 150 173 190 2 256 274 287 329 2 282 217 337 248 2 362 243 394 297 2 312 323 368 354 2 410 173 446 223 2 476 159 526 196 2 504 226 540 277 2 424 255 474 291 2
0000124.jpg 250 64 407 222 0 219 241 379 405 0 370 175 525 330 0 277 304 320 348 1 434 229 474 271 1 308 111 352 152 1 266 82 307 128 2 340 77 386 118 2 351 150 393 197 2 270 161 318 202 2 253 255 307 288 2 335 276 369 330 2 231 317 264 371 2 292 358 346 392 2 445 185 496 219 2 381 202 415 253 2 480 248 515 300 2 399 283 451 319 2
0000125.jpg 71 64 245 232 0 443 182 610 340 0 62 256 241 429 0 126 116 170 160 1 117 325 164 371 1 524 239 565 281 1 84 87 126 140 2 160 76 213 115 2 184 149 226 202 2 96 173 150 215 2 93 272 149 311 2 182 287 222 341 2 149 375 205 416 2 74 345 114 401 2 465 219 494 275 2 517 192 571 221 2 571 244 601 301 2 495 299 549 329 2
0000126.jpg 76 35 253 206 0 443 165 613 325 0 244 296 412 471 0 133 85 179 130 1 310 369 355 415 1 530 223 571 265 1 89 57 134 109 2 169 47 222 88 2 191 123 234 175 2 101 144 156 186 2 472 203 500 259 2 523 177 576 207 2 575 231 604 287 2 498 283 553 314 2 284 313 341 347 2 368 338 402 395 2 320 423 377 459 2 258 376 293 434 2
0000127.jpg 101 225 260 380 0 398 20 557 175 0 386 247 551 407 0 149 282 189 325 1 457 308 499 351 1 467 63 507 101 1 111 295 143 348 2 133 237 185 269 2 211 257 243 310 2 169 336 222 370 2 403 282 435 335 2 461 259 515 291 2 507 318 539 373 2 425 362 480 396 2 423 32 467 70 2 500 35 542 79 2 419 103 460 147 2 494 111 539 151 2
0000128.jpg 239 45 401 210 0 379 128 543 288 0 150 223 320 392 0 209 288 254 333 1 301 95 344 138 1 455 184 495 225 1 162 287 192 347 2 197 237 256 265 2 278 270 306 327 2 214 350 273 379 2 255 64 299 111 2 333 59 381 102 2 344 136 387 184 2 260 146 309 189 2 398 157 433 210 2 461 139 513 173 2 499 202 533 255 2 418 240 471 274 2
0000129.jpg 157 174 324 340 0 285 70 445 234 0 309 240 474 407 0 214 232 258 276 1 349 121 393 164 1 378 303 421 348 1 167 217 196 275 2 220 185 278 213 2 281 236 311 293 2 201 297 259 326 2 332 259 379 303 2 414 261 459 309 2 328 338 374 387 2 410 344 458 390 2 299 109 328 164 2 351 81 406 111 2 407 134 435 189 2 326 187 384 217 2
0000130.jpg 131 164 295 325 0 256 62 413 221 0 286 216 446 376 0 184 219 228 263 1 350 275 391 317 1 317 109 358 150 1 141 206 170 263 2 193 174 249 201 2 253 222 281 278 2 174 283 231 311 2 268 99 297 153 2 319 71 373 100 2 374 122 402 174 2 296 175 351 202 2 304 235 347 280 2 382 232 428 274 2 387 309 431 356 2 306 316 353 360 2
0000131.jpg 98 177 257 330 0 212 71 372 233 0 240 227 400 388 0 292 291 333 334 1 139 233 177 274 1 264 123 304 164 1 107 218 133 271 2 153 188 204 214 2 207 235 234 290 2 136 292 187 318 2 255 248 297 293 2 333 246 379 290 2 336 326 380 372 2 256 328 301 372 2 223 111 251 165 2 273 81 327 109 2 326 132 356 187 2 249 187 303 216 2
0000132.jpg 114 155 292 331 0 283 102 447 267 0 254 265 414 426 0 179 226 227 271 1 354 164 397 207 1 321 337 364 379 1 127 188 171 244 2 207 172 263 213 2 239 247 279 300 2 145 278 204 318 2 285 284 339 321 2 369 299 405 348 2 268 353 307 404 2 337 379 388 416 2 300 125 342 179 2 375 115 425 158 2 395 192 434 242 2 311 213 363 254 2
0000133.jpg 37 130 202 284 0 372 74 524 223 0 372 224 527 375 0 85 180 126 220 1 438 279 478 319 1 438 120 477 159 1 48 171 75 225 2 96 139 150 165 2 155 183 181 237 2 80 243 135 268 2 387 101 419 149 2 445 84 494 116 2 481 142 513 190 2 406 175 455 208 2 396 236 442 275 2 474 244 514 290 2 461 322 507 362 2 389 307 429 354 2
0000134.jpg 129 51 284 202 0 12 266 183 426 0 367 236 530 394 0 57 328 98 370 1 177 92 217 132 1 436 293 477 335 1 22 333 51 389 2 52 278 107 308 2 129 304 158 359 2 74 385 130 416 2 385 258 423 307 2 456 248 506 286 2 479 319 519 370 2 395 340 447 381 2 145 66 187 108 2 219 64 261 103 2 220 135 262 178 2 144 139 187 180 2
0000135.jpg 148 67 293 211 0 450 64 603 208 0 15 264 181 418 0 60 322 100 362 1 194 107 232 142 1 523 104 560 139 1 25 324 51 379 2 59 275 113 302 2 131 303 157 357 2 70 380 125 408 2 163 79 206 117 2 236 81 275 119 2 230 149 272 188 2 160 146 199 187 2 501 72 550 93 2 568 102 594 150 2 472 110 496 158 2 515 165 565 189 2
0000136.jpg 60 62 218 213 0 379 61 526 204 0 284 263 438 417 0 107 105 148 142 1 446 102 483 137 1 346 321 387 362 1 77 74 122 115 2 155 77 196 118 2 149 149 193 189 2 73 146 115 188 2 397 108 421 157 2 426 69 473 90 2 492 99 517 147 2 440 163 489 187 2 363 275 411 310 2 298 290 333 340 2 314 370 365 407 2 394 339 428 390 2
0000137.jpg 52 211 218 368 0 312 244 465 399 0 415 43 564 189 0 101 266 145 308 1 375 300 416 342 1 485 84 522 120 1 64 233 107 281 2 141 223 189 262 2 156 294 197 344 2 72 314 122 355 2 327 269 362 318 2 393 256 441 291 2 420 322 455 372 2 340 349 390 386 2 434 88 457 138 2 465 51 513 72 2 531 83 555 132 2 475 147 524 170 2
0000138.jpg 34 266 196 418 0 208 144 351 288 0 368 73 508 212 0 285 273 434 423 0 80 321 120 361 1 344 329 383 369 1 259 189 296 226 1 429 112 465 146 1 45 291 82 340 2 114 277 162 312 2 56 371 105 406 2 137 341 174 392 2 299 302 331 351 2 358 284 406 316 2 393 344 424 394 2 316 379 365 413 2 218 190 239 239 2 251 153 301 175 2 316 186 339 234 2 254 249 306 272 2 409 82 455 102 2 474 107 500 153 2 382 121 408 167 2 428 170 475 193 2
0000139.jpg 205 114 352 263 0 352 129 501 276 0 268 249 420 403 0 108 233 267 390 0 160 292 201 333 1 327 307 367 348 1 258 161 297 200 1 417 176 455 214 1 118 264 153 316 2 182 246 233 279 2 217 307 251 359 2 136 344 189 379 2 281 277 314 327 2 344 261 393 295 2 376 324 410 375 2 297 357 347 392 2 214 163 239 215 2 249 123 300 148 2 317 156 341 207 2 256 224 309 248 2 369 197 401 245 2 384 138 430 169 2 458 154 492 201 2 430 228 477 262 2
0000140.jpg 52 60 220 221 0 246 87 400 243 0 400 108 558 263 0 305 231 465 392 0 102 109 144 151 1 304 136 346 176 1 471 159 511 198 1 370 292 412 334 1 63 91 99 142 2 128 71 180 103 2 165 132 199 185 2 82 170 136 204 2 257 136 282 191 2 294 96 349 120 2 365 133 390 186 2 298 203 353 228 2 321 259 357 310 2 389 244 439 281 2 419 312 455 364 2 335 342 387 379 2 417 178 450 230 2 435 118 485 151 2 514 137 548 188 2 480 215 530 249 2
0000141.jpg 101 17 255 170 0 278 54 425 202 0 422 85 574 234 0 156 314 312 474 0 149 61 188 98 1 336 100 374 137 1 490 133 528 170 1 208 383 249 424 1 112 42 146 90 2 175 27 223 61 2 204 88 238 136 2 126 118 175 151 2 290 97 312 149 2 329 63 379 87 2 391 102 415 153 2 325 164 377 188 2 439 148 468 197 2 459 95 508 123 2 533 116 563 165 2 493 190 542 219 2 225 331 276 362 2 266 388 298 440 2 187 431 240 464 2 166 353 198 405 2
0000142.jpg 151 110 275 230 0 286 8 405 133 0 415 133 546 260 0 214 346 344 480 0 188 147 219 178 1 330 41 360 70 1 471 174 503 206 1 257 404 291 438 1 159 134 184 173 2 205 117 244 140 2 234 162 259 202 2 173 193 213 218 2 309 16 346 42 2 369 29 395 65 2 343 87 382 112 2 295 62 320 101 2 428 191 457 231 2 443 142 484 168 2 507 155 537 196 2 481 218 523 245 2 267 361 310 385 2 308 405 332 451 2 243 447 288 473 2 223 382 247 426 2
0000143.jpg 74 145 213 278 0 213 159 345 292 0 226 35 353 160 0 368 165 501 296 0 117 186 153 221 1 259 201 294 236 1 272 69 305 100 1 428 208 461 241 1 83 171 113 216 2 136 152 180 178 2 171 200 199 245 2 102 238 148 265 2 221 192 245 238 2 263 168 309 190 2 312 207 335 252 2 247 255 294 279 2 235 93 263 133 2 248 43 289 70 2 313 56 343 95 2 288 117 330 145 2 384 226 414 268 2 397 173 438 202 2 463 187 493 228 2 440 252 482 282 2
0000144.jpg 1 186 135 317 0 135 185 271 317 0 138 59 269 185 0 480 125 616 251 0 34 227 70 261 1 178 228 213 262 1 181 94 214 125 1 547 163 580 195 1 4 215 31 260 2 52 191 98 215 2 94 234 120 280 2 25 280 72 305 2 143 222 167 268 2 182 192 228 213 2 236 228 258 274 2 173 283 220 304 2 147 122 178 160 2 205 139 245 168 2 224 77 255 114 2 158 68 197 97 2 500 179 528 221 2 514 132 555 157 2 579 148 607 190 2 552 211 594 238 2
0000145.jpg 155 29 284 154 0 147 154 281 283 0 147 284 287 422 0 486 113 622 237 0 195 336 230 374 1 191 194 225 229 1 198 62 231 93 1 556 149 588 180 1 176 37 216 66 2 240 48 271 86 2 219 109 260 137 2 164 89 193 127 2 195 161 241 182 2 156 188 179 233 2 246 197 268 242 2 183 248 230 271 2 183 294 231 319 2 249 318 274 366 2 200 386 248 412 2 157 338 181 387 2 524 119 565 143 2 587 136 614 177 2 509 164 535 205 2 558 198 599 223 2
0000146.jpg 101 30 239 159 0 95 159 239 297 0 327 246 464 382 0 450 109 587 238 0 145 65 180 97 1 141 204 178 239 1 385 296 420 332 1 518 148 550 180 1 122 37 164 68 2 191 49 223 87 2 170 112 213 143 2 110 92 142 133 2 146 168 194 190 2 201 204 224 252 2 135 260 184 282 2 104 197 129 245 2 361 257 407 283 2 428 278 455 324 2 390 346 436 372 2 341 304 368 352 2 472 163 499 206 2 522 196 563 223 2 550 134 578 175 2 487 117 527 142 2
0000147.jpg 136 9 272 146 0 355 237 494 374 0 483 104 620 233 0 120 309 268 458 0 169 369 207 408 1 416 286 451 323 1 553 142 585 175 1 182 44 216 77 1 158 17 200 46 2 227 30 259 70 2 204 94 248 124 2 145 71 177 113 2 168 322 218 345 2 231 357 254 408 2 166 424 218 448 2 130 360 153 412 2 392 247 437 272 2 458 270 484 316 2 370 293 397 341 2 418 337 464 364 2 520 111 562 136 2 584 130 611 172 2 505 156 531 199 2 554 192 596 218 2
0000148.jpg 112 121 251 255 0 153 258 294 397 0 381 201 518 333 0 509 78 640 206 0 157 163 192 198 1 201 311 237 348 1 442 247 476 281 1 584 115 615 147 1 121 141 154 184 2 182 129 225 160 2 205 186 236 228 2 133 210 178 241 2 201 269 249 291 2 259 305 282 353 2 162 301 185 351 2 195 365 244 387 2 420 210 465 233 2 483 234 508 279 2 397 251 422 298 2 440 298 485 322 2 536 127 560 169 2 553 85 594 108 2 615 106 640 148 2 581 166 622 190 2
0000149.jpg 179 58 313 193 0 467 104 604 231 0 345 236 483 373 0 108 312 260 462 0 159 372 198 411 1 227 95 262 129 1 538 142 569 173 1 407 285 441 320 1 189 86 214 131 2 234 66 280 90 2 278 110 303 153 2 211 150 258 174 2 158 325 209 348 2 223 359 246 410 2 157 428 209 452 2 120 364 143 417 2 382 246 427 272 2 448 268 475 314 2 409 335 455 362 2 362 293 388 340 2 506 111 546 134 2 568 129 595 170 2 491 156 518 198 2 540 191 581 216 2
0000150.jpg 144 63 273 191 0 426 85 556 208 0 397 283 533 415 0 95 306 236 445 0 139 361 175 398 1 187 100 219 132 1 458 334 492 368 1 487 120 519 151 1 153 94 176 135 2 194 71 237 92 2 239 109 260 151 2 177 153 220 173 2 137 318 184 340 2 199 347 221 394 2 141 412 190 435 2 104 357 126 405 2 461 293 504 321 2 497 343 523 388 2 431 378 476 406 2 413 311 440 355 2 458 92 497 116 2 519 106 547 146 2 445 138 472 178 2 495 166 534 192 2
0000151.jpg 146 49 280 182 0 262 150 394 283 0 436 77 571 204 0 403 280 543 415 0 191 87 225 119 1 314 193 348 227 1 502 114 533 145 1 469 333 503 368 1 155 79 180 123 2 198 57 243 80 2 244 97 267 141 2 179 141 226 165 2 273 187 295 233 2 310 159 355 180 2 364 194 385 239 2 303 247 350 268 2 423 310 450 354 2 471 291 516 320 2 507 343 534 388 2 440 378 485 407 2 470 84 511 109 2 533 100 561 140 2 457 131 484 172 2 508 162 548 188 2
0000152.jpg 166 43 302 180 0 57 262 210 407 0 282 149 417 284 0 459 79 596 208 0 214 81 249 116 1 338 193 373 228 1 529 117 560 149 1 105 318 143 356 1 68 326 97 376 2 93 274 143 303 2 166 295 194 343 2 120 367 171 397 2 176 73 200 118 2 220 51 266 75 2 267 94 290 138 2 200 137 247 161 2 296 186 318 234 2 333 159 379 180 2 387 196 409 242 2 325 249 373 271 2 496 87 537 111 2 559 103 587 145 2 482 133 509 176 2 532 166 573 193 2
0000153.jpg 172 40 308 177 0 67 262 218 405 0 468 72 610 204 0 377 242 520 381 0 113 317 151 354 1 441 294 476 330 1 540 111 573 144 1 219 79 254 113 1 182 72 207 117 2 226 48 272 73 2 273 91 297 136 2 206 136 253 160 2 102 273 151 301 2 173 293 201 342 2 128 366 178 395 2 77 324 106 374 2 400 257 437 294 2 466 258 504 296 2 465 326 505 365 2 399 325 437 364 2 492 128 520 172 2 507 80 549 106 2 572 97 601 139 2 544 161 586 188 2
0000154.jpg 199 166 372 341 0 261 222 307 268 1 210 205 243 264 2 272 177 330 208 2 327 234 359 294 2 239 290 299 324 2
0000155.jpg 155 159 332 338 0 198 221 242 269 1 163 203 194 263 2 220 170 278 202 2 273 229 306 294 2 188 290 246 324 2
0000156.jpg 229 169 428 368 0 310 246 364 299 1 246 214 285 283 2 321 184 387 224 2 377 257 416 324 2 276 315 344 354 2
0000157.jpg 221 112 401 295 0 311 174 355 221 1 246 141 285 201 2 320 126 373 167 2 357 202 391 258 2 266 237 326 279 2
0000158.jpg 178 106 352 278 0 239 149 286 193 1 189 139 225 192 2 256 116 313 145 2 305 172 339 228 2 213 220 274 253 2
0000159.jpg 69 238 272 443 0 114 309 163 364 1 148 250 208 287 2 200 318 238 393 2 104 385 167 428 2 80 284 117 352 2
0000160.jpg 229 187 387 345 0 293 241 334 282 1 295 196 348 224 2 350 247 378 302 2 272 302 327 331 2 243 224 271 280 2
0000161.jpg 212 158 404 350 0 286 216 337 266 1 228 187 273 247 2 311 171 370 212 2 349 249 392 310 2 246 284 310 329 2
0000162.jpg 207 146 390 331 0 1 338 101 472 0 255 203 301 252 1 219 182 255 239 2 288 156 345 194 2 326 227 367 291 2 234 271 292 312 2 21 353 53 379 2 43 403 65 447 2 1 432 24 462 2
0000163.jpg 226 279 350 404 0 225 64 363 203 0 267 320 299 353 1 273 97 308 129 1 289 73 333 98 2 235 89 262 129 2 323 119 351 161 2 249 152 296 178 2 298 289 332 323 2 298 349 333 386 2 236 351 271 388 2 237 290 271 324 2
0000164.jpg 174 51 330 206 0 124 236 269 378 0 186 282 222 317 1 244 87 283 123 1 252 61 300 93 2 292 119 321 163 2 212 144 266 177 2 191 72 225 118 2 146 249 188 287 2 218 251 256 289 2 216 319 255 358 2 142 318 184 359 2
0000165.jpg 221 233 372 386 0 236 43 429 238 0 276 293 315 332 1 308 101 359 152 1 250 75 294 136 2 332 56 395 99 2 373 135 416 197 2 270 172 334 218 2 235 254 274 299 2 307 248 352 288 2 319 319 358 365 2 240 332 285 371 2
0000166.jpg 264 16 405 161 0 239 281 364 408 0 285 328 317 361 1 317 50 354 84 1 275 39 306 80 2 334 25 379 54 2 364 78 395 121 2 290 105 336 134 2 258 293 295 324 2 321 299 352 338 2 307 364 346 396 2 249 350 281 390 2
0000167.jpg 315 166 454 305 0 198 243 340 386 0 247 296 285 334 1 371 214 407 250 1 217 256 260 292 2 290 263 326 305 2 277 335 320 372 2 210 323 246 366 2 331 183 366 223 2 396 178 437 214 2 407 243 442 284 2 335 253 377 289 2
0000168.jpg 198 199 350 351 0 328 120 488 277 0 242 255 279 295 1 383 174 425 215 1 219 212 264 248 2 294 223 330 270 2 272 300 319 338 2 208 278 242 325 2 343 139 386 182 2 421 135 468 177 2 425 212 469 257 2 345 215 389 259 2
0000169.jpg 174 94 311 232 0 370 146 532 303 0 208 138 240 172 1 424 199 466 240 1 190 107 226 142 2 254 110 286 149 2 240 178 280 215 2 183 171 214 210 2 384 166 425 210 2 459 159 508 200 2 469 235 513 281 2 388 243 434 285 2
0000170.jpg 208 98 350 239 0 397 196 538 334 0 266 137 302 171 1 470 240 502 274 1 235 107 280 135 2 308 122 340 163 2 283 189 328 220 2 221 162 255 206 2 425 208 460 243 2 488 211 523 248 2 492 278 526 315 2 425 273 463 313 2
0000171.jpg 148 209 307 368 0 367 293 517 443 0 207 273 249 314 1 440 358 478 397 1 172 226 222 265 2 255 236 294 284 2 236 316 284 355 2 161 299 202 347 2 393 314 433 358 2 464 313 502 352 2 465 384 503 426 2 395 390 434 431 2
0000172.jpg 94 187 240 329 0 303 250 453 402 0 132 239 168 275 1 356 311 395 351 1 109 200 151 237 2 180 206 216 248 2 168 278 209 315 2 104 267 138 309 2 316 271 355 315 2 388 267 433 307 2 398 340 438 385 2 321 348 365 388 2
0000173.jpg 137 84 281 225 0 207 206 351 350 0 344 160 486 302 0 185 127 221 162 1 258 256 295 293 1 404 207 440 244 1 158 94 202 128 2 231 104 266 145 2 148 157 183 199 2 212 173 258 208 2 220 222 259 264 2 290 218 333 256 2 297 287 336 330 2 223 295 266 334 2 362 175 399 214 2 430 174 470 211 2 436 242 473 283 2 363 245 405 284 2
0000174.jpg 152 88 300 233 0 139 271 293 425 0 358 179 504 321 0 190 331 229 371 1 202 133 240 169 1 423 228 460 266 1 174 98 221 131 2 251 110 285 153 2 228 182 274 216 2 162 160 198 205 2 156 289 199 332 2 231 289 274 331 2 230 364 273 407 2 154 365 197 409 2 380 193 419 231 2 451 194 491 234 2 379 263 420 305 2 451 265 491 305 2
0000175.jpg 72 274 224 423 0 287 23 426 166 0 296 320 441 471 0 118 334 156 373 1 353 385 391 424 1 343 65 378 99 1 89 292 132 332 2 164 295 203 336 2 158 368 201 408 2 86 365 125 407 2 311 347 347 391 2 377 338 421 375 2 394 405 430 451 2 319 423 363 460 2 305 38 343 75 2 373 38 411 76 2 374 105 412 143 2 304 105 344 143 2
0000176.jpg 89 228 224 359 0 205 151 332 279 0 261 2 381 126 0 129 274 162 306 1 248 192 280 224 1 306 33 336 60 1 104 243 139 280 2 167 241 202 276 2 167 303 202 341 2 102 307 138 343 2 213 181 237 223 2 257 160 299 182 2 297 201 321 243 2 234 241 278 266 2 274 17 305 48 2 330 12 365 41 2 338 64 369 97 2 277 72 312 101 2
0000177.jpg 257 259 386 392 0 241 134 368 260 0 330 23 442 140 0 389 53 414 80 1 301 174 331 206 1 319 307 351 341 1 357 30 388 53 2 409 43 434 77 2 399 96 430 119 2 351 73 378 109 2 312 144 349 175 2 258 151 288 189 2 268 215 308 246 2 332 200 360 238 2 288 269 328 298 2 274 324 304 368 2 351 283 379 324 2 328 349 368 380 2
0000178.jpg 72 207 216 344 0 360 264 481 383 0 154 61 279 184 0 124 251 162 286 1 205 92 236 120 1 422 304 450 336 1 82 234 113 280 2 139 215 185 241 2 177 263 205 308 2 103 302 153 330 2 171 71 206 100 2 232 74 266 105 2 234 129 267 159 2 170 125 206 158 2 388 272 421 301 2 444 281 472 317 2 434 341 468 372 2 382 327 411 365 2
0000179.jpg 1 101 152 250 0 173 212 299 339 0 446 172 581 297 0 30 147 68 184 1 213 255 244 287 1 507 210 540 243 1 2 128 35 173 2 64 111 110 144 2 89 170 124 217 2 12 202 60 234 2 180 252 201 296 2 211 306 255 327 2 267 250 286 294 2 213 221 256 240 2 465 187 497 222 2 523 183 562 214 2 537 241 570 277 2 471 249 510 282 2
0000180.jpg 65 122 229 278 0 235 239 363 369 0 506 214 640 338 0 117 173 157 212 1 283 286 316 319 1 575 257 606 288 1 77 147 116 195 2 147 133 197 169 2 173 197 211 247 2 90 226 141 262 2 278 247 323 268 2 333 281 353 326 2 245 279 264 324 2 275 337 320 358 2 587 226 624 259 2 531 228 562 263 2 536 290 572 323 2 599 285 630 321 2
0000181.jpg 188 48 318 180 0 301 184 416 301 0 210 305 329 427 0 226 85 257 115 1 339 223 369 251 1 245 351 275 383 1 201 63 236 98 2 263 59 298 91 2 261 119 297 155 2 199 125 233 157 2 308 210 331 248 2 324 266 364 289 2 383 233 406 272 2 350 193 388 214 2 258 315 296 337 2 293 356 315 399 2 234 395 274 419 2 217 334 239 376 2
0000182.jpg 239 35 372 169 0 306 193 419 308 0 200 301 328 430 0 253 346 285 379 1 358 229 387 257 1 296 68 330 99 1 212 327 239 370 2 262 309 303 335 2 295 356 320 400 2 229 393 272 420 2 320 211 345 248 2 363 201 398 225 2 391 246 413 282 2 334 269 372 294 2 261 45 298 73 2 327 53 360 89 2 256 99 291 137 2 320 114 358 144 2
0000183.jpg 171 26 308 166 0 286 174 406 296 0 189 300 312 428 0 312 290 441 420 0 212 62 246 95 1 327 212 359 242 1 359 336 393 370 1 227 346 259 379 1 186 41 222 76 2 251 38 288 73 2 249 101 288 137 2 183 105 219 139 2 293 199 317 238 2 338 182 378 204 2 372 224 397 264 2 310 258 351 282 2 330 302 367 335 2 394 307 429 345 2 386 373 425 407 2 325 362 357 402 2 196 329 220 372 2 240 309 281 332 2 277 352 301 396 2 214 393 256 418 2
0000184.jpg 190 176 315 303 0 324 190 455 320 0 107 319 231 455 0 233 290 365 426 0 144 372 176 407 1 276 342 310 377 1 229 218 260 250 1 372 231 406 265 1 155 331 197 352 2 201 369 222 416 2 139 422 183 445 2 116 359 137 405 2 198 209 220 251 2 238 185 279 206 2 280 222 302 265 2 220 268 262 290 2 247 307 282 344 2 311 306 347 343 2 311 372 348 411 2 246 373 283 411 2 336 256 367 297 2 394 273 436 305 2 410 208 444 247 2 344 199 384 230 2
0000185.jpg 140 117 273 247 0 282 131 412 262 0 55 265 198 401 0 404 232 543 366 0 95 317 129 352 1 183 158 216 190 1 331 172 365 204 1 467 280 501 314 1 64 305 87 353 2 105 276 152 297 2 156 313 179 361 2 90 369 138 392 2 150 151 173 194 2 191 126 235 147 2 237 164 260 208 2 173 211 219 233 2 303 141 342 172 2 368 149 401 188 2 353 214 394 246 2 294 198 326 238 2 421 257 448 301 2 471 241 514 269 2 507 293 534 338 2 439 326 484 355 2
0000186.jpg 200 56 331 189 0 339 85 472 217 0 258 200 394 336 0 449 196 590 331 0 311 249 346 282 1 520 243 553 277 1 396 124 429 157 1 246 94 281 128 1 208 85 233 128 2 254 65 299 89 2 297 109 321 152 2 230 149 276 173 2 301 208 348 231 2 270 246 292 293 2 363 239 385 286 2 308 302 355 324 2 365 94 406 122 2 431 107 462 147 2 353 147 384 188 2 409 171 452 200 2 473 219 500 261 2 524 206 565 237 2 552 262 580 304 2 486 287 529 317 2
0000187.jpg 155 105 286 237 0 286 107 415 236 0 226 219 358 353 0 426 221 562 352 0 200 146 234 178 1 275 267 309 300 1 338 145 372 177 1 491 266 524 299 1 165 137 189 180 2 208 114 253 137 2 253 155 277 198 2 188 199 234 222 2 302 120 337 155 2 364 119 401 152 2 369 179 404 215 2 304 183 341 216 2 262 228 308 250 2 325 254 348 300 2 234 268 257 314 2 276 318 322 341 2 445 245 471 288 2 492 229 534 257 2 527 279 553 322 2 463 312 507 340 2
0000188.jpg 245 27 384 171 0 172 147 316 290 0 320 143 464 286 0 254 274 396 417 0 307 333 343 370 1 380 193 417 229 1 221 198 258 235 1 297 70 333 106 1 286 37 334 60 2 352 67 374 114 2 256 76 279 123 2 296 131 344 153 2 230 157 279 183 2 182 182 208 230 2 277 204 304 253 2 206 251 256 278 2 338 160 376 200 2 406 157 447 195 2 412 225 451 267 2 340 231 381 269 2 297 286 346 310 2 363 318 386 368 2 264 326 288 376 2 304 385 354 409 2
0000189.jpg 206 87 342 223 0 119 192 262 331 0 265 205 404 345 0 343 89 480 228 0 162 241 198 277 1 318 255 354 291 1 400 131 435 165 1 254 127 289 161 1 126 220 157 267 2 182 201 227 229 2 217 253 246 301 2 145 290 193 320 2 283 219 323 255 2 352 221 391 262 2 348 291 389 330 2 280 286 317 327 2 216 126 238 172 2 252 94 299 115 2 309 128 331 173 2 249 185 296 206 2 361 103 400 139 2 429 105 467 142 2 428 171 466 207 2 361 168 398 205 2
0000190.jpg 61 204 208 342 0 140 87 276 226 0 276 75 408 212 0 371 169 512 304 0 103 254 139 290 1 184 131 218 165 1 326 117 361 151 1 432 214 467 250 1 120 213 166 238 2 162 260 188 307 2 70 236 97 283 2 92 305 140 332 2 149 135 171 180 2 180 99 226 119 2 242 127 263 172 2 186 188 232 210 2 290 92 325 129 2 354 88 393 123 2 361 151 397 189 2 292 158 331 193 2 387 190 418 233 2 444 177 488 209 2 470 235 502 278 2 400 259 444 292 2
