0 0.18671875000000002 0.43124999999999997 0.2578125 0.3208333333333333
0 0.7000000000000001 0.309375 0.23750000000000002 0.3104166666666667
0 0.70234375 0.6239583333333333 0.2421875 0.3145833333333333
1 0.16484375 0.4166666666666667 0.06406250000000001 0.08333333333333333
1 0.7156250000000001 0.6229166666666667 0.0625 0.08333333333333333
1 0.71484375 0.290625 0.060937500000000006 0.08125
2 0.09609375 0.4125 0.0421875 0.1125
2 0.1921875 0.31666666666666665 0.084375 0.05416666666666667
2 0.2625 0.4375 0.040625 0.1125
2 0.16796875 0.5322916666666666 0.0859375 0.052083333333333336
2 0.6296875000000001 0.2604166666666667 0.05 0.1
2 0.73359375 0.20833333333333334 0.0765625 0.06666666666666667
2 0.7765625 0.3458333333333333 0.05 0.1
2 0.6726562500000001 0.3989583333333333 0.0765625 0.06875
2 0.6546875000000001 0.5322916666666666 0.07187500000000001 0.08125
2 0.7718750000000001 0.55625 0.0625 0.09583333333333333
2 0.7562500000000001 0.7125 0.07187500000000001 0.08333333333333333
2 0.6390625000000001 0.6885416666666666 0.0625 0.09791666666666667
