0 0.39375000000000004 0.2677083333333333 0.24375000000000002 0.3229166666666667
0 0.30703125000000003 0.6395833333333333 0.2265625 0.29583333333333334
1 0.31875000000000003 0.6239583333333333 0.05625 0.07291666666666667
1 0.41171875 0.21875 0.060937500000000006 0.075
2 0.43125 0.16041666666666665 0.07500000000000001 0.06666666666666667
2 0.47890625000000003 0.29375 0.045312500000000006 0.09166666666666666
2 0.37343750000000003 0.334375 0.084375 0.06875
2 0.325 0.19791666666666666 0.053125000000000006 0.09583333333333333
2 0.2609375 0.5583333333333333 0.065625 0.07916666666666666
2 0.37031250000000004 0.5625 0.059375000000000004 0.07916666666666666
2 0.36796875 0.7052083333333333 0.060937500000000006 0.08125
2 0.2546875 0.7052083333333333 0.065625 0.08541666666666667
