0 0.3328125 0.240625 0.209375 0.27708333333333335
0 0.5125000000000001 0.4510416666666667 0.20625000000000002 0.27708333333333335
0 0.78671875 0.29270833333333335 0.2109375 0.26458333333333334
0 0.7390625000000001 0.7239583333333334 0.21875 0.28125
1 0.325 0.21458333333333332 0.053125000000000006 0.06666666666666667
1 0.5171875 0.4375 0.053125000000000006 0.07083333333333333
1 0.80859375 0.26979166666666665 0.0484375 0.06458333333333333
1 0.759375 0.7302083333333333 0.053125000000000006 0.07291666666666667
2 0.26171875 0.21041666666666667 0.0390625 0.09166666666666666
2 0.34453125 0.14270833333333333 0.0703125 0.04791666666666666
2 0.39921875 0.24791666666666667 0.035937500000000004 0.09166666666666666
2 0.31640625 0.31875 0.0734375 0.05
2 0.44375000000000003 0.4375 0.034375 0.09583333333333333
2 0.51953125 0.353125 0.0703125 0.04375
2 0.58515625 0.4510416666666667 0.0328125 0.09375
2 0.51015625 0.5364583333333334 0.0734375 0.04375
2 0.6820312500000001 0.6916666666666667 0.0421875 0.09166666666666666
2 0.77109375 0.6364583333333333 0.0703125 0.06041666666666667
2 0.8132812500000001 0.7614583333333333 0.0421875 0.09375
2 0.72265625 0.8177083333333334 0.0703125 0.06041666666666667
2 0.7664062500000001 0.20104166666666667 0.06406250000000001 0.052083333333333336
2 0.8546875 0.25 0.043750000000000004 0.08333333333333333
2 0.7351562500000001 0.315625 0.0421875 0.08541666666666667
2 0.8250000000000001 0.3645833333333333 0.0625 0.05416666666666667
