0 0.2921875 0.35 0.278125 0.3625
0 0.7328125000000001 0.4875 0.27187500000000003 0.35
1 0.28046875 0.33125 0.0703125 0.09166666666666666
1 0.7562500000000001 0.47812499999999997 0.065625 0.08958333333333333
2 0.2078125 0.2791666666666667 0.06875 0.10833333333333334
2 0.34218750000000003 0.240625 0.084375 0.08541666666666667
2 0.37031250000000004 0.409375 0.065625 0.11458333333333333
2 0.23750000000000002 0.45 0.08750000000000001 0.0875
2 0.6671875 0.409375 0.065625 0.10208333333333333
2 0.79296875 0.3854166666666667 0.0765625 0.0875
2 0.8148437500000001 0.5583333333333333 0.06406250000000001 0.10416666666666667
2 0.6875 0.5802083333333333 0.08125 0.08958333333333333
