0 0.3609375 0.5354166666666667 0.23125 0.30416666666666664
0 0.565625 0.40208333333333335 0.225 0.29583333333333334
0 0.553125 0.7104166666666667 0.23125 0.30833333333333335
1 0.353125 0.5260416666666666 0.059375000000000004 0.08125
1 0.5734375 0.38229166666666664 0.059375000000000004 0.07708333333333334
1 0.55859375 0.7125 0.060937500000000006 0.08333333333333333
2 0.32656250000000003 0.434375 0.07500000000000001 0.06458333333333333
2 0.43203125000000003 0.4864583333333333 0.0484375 0.09791666666666667
2 0.284375 0.575 0.05 0.1
2 0.39140625 0.6270833333333333 0.0765625 0.07083333333333333
2 0.49609375 0.35625 0.0484375 0.09583333333333333
2 0.59609375 0.30104166666666665 0.0734375 0.06041666666666667
2 0.6414062500000001 0.43333333333333335 0.045312500000000006 0.09583333333333333
2 0.540625 0.4895833333333333 0.07500000000000001 0.0625
2 0.58828125 0.6104166666666666 0.0765625 0.06666666666666667
2 0.628125 0.7541666666666667 0.05 0.10416666666666667
2 0.52109375 0.8083333333333333 0.0765625 0.07083333333333333
2 0.48125 0.6635416666666667 0.05 0.10208333333333333
