0 0.11640625 0.728125 0.22968750000000002 0.30625
0 0.5906250000000001 0.671875 0.21875 0.29791666666666666
0 0.8484375000000001 0.2520833333333333 0.22812500000000002 0.2833333333333333
1 0.0765625 0.7333333333333333 0.059375000000000004 0.07916666666666666
1 0.5984375000000001 0.6739583333333333 0.05625 0.07708333333333334
1 0.875 0.22395833333333334 0.053125000000000006 0.06875
2 0.096875 0.621875 0.08125 0.04791666666666666
2 0.17421875 0.721875 0.035937500000000004 0.10625
2 0.017968750000000002 0.7322916666666667 0.0328125 0.11041666666666666
2 0.09296875 0.8333333333333334 0.08281250000000001 0.05
2 0.546875 0.5895833333333333 0.065625 0.075
2 0.65390625 0.6104166666666666 0.0578125 0.0875
2 0.5328125 0.7354166666666666 0.05625 0.09166666666666666
2 0.6414062500000001 0.7552083333333334 0.0671875 0.07708333333333334
2 0.7992187500000001 0.184375 0.051562500000000004 0.08125
2 0.8992187500000001 0.165625 0.06406250000000001 0.06875
2 0.9203125000000001 0.296875 0.053125000000000006 0.08125
2 0.81953125 0.315625 0.06406250000000001 0.06875
