0 0.37890625 0.37395833333333334 0.2984375 0.39375
0 0.65546875 0.5322916666666666 0.3046875 0.39791666666666664
1 0.36796875 0.3614583333333333 0.07968750000000001 0.10625
1 0.6687500000000001 0.5291666666666667 0.078125 0.10416666666666667
2 0.278125 0.3302083333333333 0.059375000000000004 0.13541666666666666
2 0.40703125 0.240625 0.1015625 0.07708333333333334
2 0.4765625 0.4114583333333333 0.059375000000000004 0.13541666666666666
2 0.3453125 0.5020833333333333 0.10312500000000001 0.07916666666666666
2 0.5578125 0.509375 0.053125000000000006 0.13958333333333334
2 0.6742187500000001 0.3958333333333333 0.1046875 0.06666666666666667
2 0.76171875 0.5510416666666667 0.051562500000000004 0.13958333333333334
2 0.64453125 0.665625 0.1046875 0.06875
