0 0.278125 0.19479166666666667 0.240625 0.31875
0 0.54921875 0.26666666666666666 0.22968750000000002 0.30833333333333335
0 0.7781250000000001 0.33229166666666665 0.23750000000000002 0.3104166666666667
0 0.36562500000000003 0.8208333333333333 0.24375000000000002 0.3333333333333333
1 0.26328125 0.165625 0.060937500000000006 0.07708333333333334
1 0.5546875 0.24687499999999998 0.059375000000000004 0.07708333333333334
1 0.7953125000000001 0.315625 0.059375000000000004 0.07708333333333334
1 0.35703125 0.840625 0.06406250000000001 0.08541666666666667
2 0.2015625 0.1375 0.053125000000000006 0.1
2 0.31093750000000003 0.09166666666666666 0.07500000000000001 0.07083333333333333
2 0.3453125 0.23333333333333334 0.053125000000000006 0.1
2 0.23515625 0.28020833333333334 0.0765625 0.06875
2 0.4703125 0.25625 0.034375 0.10833333333333334
2 0.553125 0.15625 0.078125 0.05
2 0.6296875000000001 0.265625 0.037500000000000006 0.10625
2 0.5484375 0.36666666666666664 0.08125 0.05
2 0.70859375 0.359375 0.045312500000000006 0.10208333333333333
2 0.75546875 0.22708333333333333 0.0765625 0.058333333333333334
2 0.8562500000000001 0.29270833333333335 0.046875 0.10208333333333333
2 0.80859375 0.42604166666666665 0.0765625 0.06041666666666667
2 0.39140625 0.721875 0.07968750000000001 0.06458333333333333
2 0.44062500000000004 0.8624999999999999 0.05 0.10833333333333334
2 0.33359375 0.9322916666666666 0.08281250000000001 0.06875
2 0.284375 0.7895833333333333 0.05 0.10833333333333334
