0 0.5 0.265625 0.253125 0.34375
0 0.7203125 0.43333333333333335 0.25625000000000003 0.3333333333333333
0 0.3671875 0.640625 0.265625 0.3520833333333333
1 0.36171875000000003 0.646875 0.0703125 0.09375
1 0.50390625 0.24270833333333333 0.0671875 0.08958333333333333
1 0.7421875 0.42604166666666665 0.0625 0.08541666666666667
2 0.2765625 0.6604166666666667 0.046875 0.125
2 0.35390625000000003 0.5229166666666667 0.0921875 0.058333333333333334
2 0.45625000000000004 0.621875 0.043750000000000004 0.11875
2 0.38046875 0.759375 0.0921875 0.06041666666666667
2 0.43281250000000004 0.18229166666666666 0.06875 0.09791666666666667
2 0.5578125 0.16770833333333332 0.07500000000000001 0.08958333333333333
2 0.5710937500000001 0.3333333333333333 0.0671875 0.1
2 0.44453125000000004 0.3489583333333333 0.0765625 0.08958333333333333
2 0.6492187500000001 0.38229166666666664 0.0546875 0.11041666666666666
2 0.7609375 0.325 0.08125 0.07083333333333333
2 0.80625 0.47604166666666664 0.053125000000000006 0.11041666666666666
2 0.69453125 0.5354166666666667 0.08281250000000001 0.07083333333333333
