0 0.3953125 0.2375 0.203125 0.275
0 0.56015625 0.5052083333333334 0.1796875 0.24375
0 0.42109375000000004 0.7625 0.1859375 0.25416666666666665
1 0.37734375000000003 0.20833333333333334 0.0484375 0.0625
1 0.553125 0.49374999999999997 0.046875 0.058333333333333334
1 0.40625 0.7645833333333333 0.046875 0.06666666666666667
2 0.34140625 0.16770833333333332 0.0546875 0.07291666666666667
2 0.43828125 0.15625 0.0546875 0.06666666666666667
2 0.43593750000000003 0.28541666666666665 0.05625 0.075
2 0.3375 0.29375 0.053125000000000006 0.06666666666666667
2 0.49921875000000004 0.4770833333333333 0.035937500000000004 0.07916666666666666
2 0.5375 0.578125 0.0625 0.04791666666666666
2 0.61640625 0.5260416666666666 0.035937500000000004 0.08125
2 0.5765625 0.4239583333333333 0.059375000000000004 0.04375
2 0.43281250000000004 0.6791666666666667 0.059375000000000004 0.04583333333333333
2 0.47500000000000003 0.7864583333333334 0.034375 0.08958333333333333
2 0.39687500000000003 0.8479166666666667 0.0625 0.05
2 0.35625 0.7395833333333334 0.034375 0.0875
