0 0.22421875000000002 0.440625 0.2171875 0.27708333333333335
0 0.43593750000000003 0.46979166666666666 0.20625000000000002 0.27708333333333335
0 0.45234375000000004 0.203125 0.19843750000000002 0.2604166666666667
0 0.67890625 0.48020833333333335 0.2078125 0.27291666666666664
1 0.2109375 0.4239583333333333 0.05625 0.07291666666666667
1 0.43203125000000003 0.4552083333333333 0.0546875 0.07291666666666667
1 0.45078125 0.17604166666666665 0.051562500000000004 0.06458333333333333
1 0.69453125 0.46770833333333334 0.051562500000000004 0.06875
2 0.153125 0.403125 0.046875 0.09375
2 0.246875 0.34375 0.06875 0.05416666666666667
2 0.2890625 0.4635416666666667 0.043750000000000004 0.09375
2 0.1953125 0.5239583333333333 0.07187500000000001 0.05625
2 0.3640625 0.4479166666666667 0.037500000000000006 0.09583333333333333
2 0.446875 0.3729166666666667 0.07187500000000001 0.04583333333333333
2 0.50546875 0.47812499999999997 0.035937500000000004 0.09375
2 0.42265625 0.55625 0.0734375 0.05
2 0.38906250000000003 0.23541666666666666 0.043750000000000004 0.08333333333333333
2 0.41953125 0.11770833333333333 0.06406250000000001 0.05625
2 0.5125000000000001 0.15729166666666666 0.046875 0.08125
2 0.48281250000000003 0.27291666666666664 0.065625 0.058333333333333334
2 0.6234375000000001 0.5145833333333333 0.046875 0.0875
2 0.65234375 0.390625 0.06406250000000001 0.06041666666666667
2 0.7468750000000001 0.4322916666666667 0.046875 0.08541666666666667
2 0.7203125 0.55625 0.065625 0.0625
