0 0.43046875 0.36666666666666664 0.2234375 0.3
0 0.6546875000000001 0.365625 0.225 0.29791666666666666
0 0.45078125 0.6697916666666667 0.22968750000000002 0.3104166666666667
1 0.43046875 0.353125 0.0578125 0.07708333333333334
1 0.6687500000000001 0.35 0.05625 0.075
1 0.45078125 0.675 0.0578125 0.07916666666666666
2 0.35781250000000003 0.32708333333333334 0.046875 0.1
2 0.45625000000000004 0.265625 0.07500000000000001 0.06041666666666667
2 0.40546875000000004 0.45729166666666665 0.0765625 0.06041666666666667
2 0.50546875 0.39479166666666665 0.045312500000000006 0.09791666666666667
2 0.37578125 0.6395833333333333 0.045312500000000006 0.10416666666666667
2 0.47578125000000004 0.5697916666666667 0.0765625 0.06041666666666667
2 0.52734375 0.7010416666666667 0.045312500000000006 0.10625
2 0.42734375 0.771875 0.07968750000000001 0.06041666666666667
2 0.6015625 0.290625 0.059375000000000004 0.08125
2 0.71015625 0.2833333333333333 0.06406250000000001 0.07916666666666666
2 0.71875 0.428125 0.059375000000000004 0.08541666666666667
2 0.609375 0.43645833333333334 0.065625 0.08125
