0 0.43281250000000004 0.54375 0.25 0.3375
0 0.56796875 0.3927083333333333 0.2578125 0.34375
1 0.4296875 0.5385416666666667 0.065625 0.08958333333333333
1 0.6046875 0.34375 0.059375000000000004 0.07916666666666666
2 0.3484375 0.5072916666666667 0.053125000000000006 0.11458333333333333
2 0.40625 0.6541666666666667 0.08750000000000001 0.06666666666666667
2 0.515625 0.5802083333333333 0.046875 0.11041666666666666
2 0.509375 0.3 0.05625 0.09166666666666666
2 0.6171875 0.2833333333333333 0.07500000000000001 0.08333333333333333
2 0.6578125 0.4354166666666667 0.05 0.09583333333333333
2 0.5476562500000001 0.4583333333333333 0.08281250000000001 0.0875
