0 0.45 0.7114583333333333 0.19375 0.2604166666666667
0 0.45937500000000003 0.278125 0.215625 0.2895833333333333
1 0.4421875 0.7010416666666667 0.05 0.06875
1 0.45390625 0.23541666666666666 0.0546875 0.06666666666666667
2 0.4859375 0.178125 0.06875 0.052083333333333336
2 0.38828125 0.22708333333333333 0.0421875 0.08333333333333333
2 0.5265625 0.2916666666666667 0.043750000000000004 0.0875
2 0.42578125 0.34375 0.0734375 0.05416666666666667
2 0.4921875 0.6375 0.053125000000000006 0.07083333333333333
2 0.49296875 0.765625 0.0546875 0.07708333333333334
2 0.39609375 0.7697916666666667 0.0546875 0.07708333333333334
2 0.39687500000000003 0.6395833333333333 0.053125000000000006 0.07083333333333333
