0 0.23203125000000002 0.28541666666666665 0.23593750000000002 0.3
0 0.6742187500000001 0.290625 0.2265625 0.29791666666666666
0 0.46171875 0.7270833333333333 0.22968750000000002 0.3125
1 0.21484375 0.26145833333333335 0.0578125 0.07291666666666667
1 0.6898437500000001 0.2677083333333333 0.0578125 0.07291666666666667
1 0.45937500000000003 0.734375 0.059375000000000004 0.08125
2 0.15546875000000002 0.23541666666666666 0.051562500000000004 0.09583333333333333
2 0.26015625000000003 0.18645833333333334 0.0734375 0.06458333333333333
2 0.296875 0.31666666666666665 0.05 0.09583333333333333
2 0.1921875 0.3677083333333333 0.07500000000000001 0.06458333333333333
2 0.6234375000000001 0.21354166666666666 0.059375000000000004 0.07708333333333334
2 0.73203125 0.21041666666666667 0.060937500000000006 0.075
2 0.62890625 0.3541666666666667 0.06406250000000001 0.07916666666666666
2 0.73828125 0.3520833333333333 0.0578125 0.08333333333333333
2 0.48281250000000003 0.6260416666666666 0.078125 0.05625
2 0.38359375 0.6979166666666666 0.045312500000000006 0.10833333333333334
2 0.5375 0.75625 0.043750000000000004 0.10416666666666667
2 0.43828125 0.8322916666666667 0.07968750000000001 0.06041666666666667
