0 0.32578125 0.26458333333333334 0.2015625 0.26666666666666666
0 0.7671875 0.3052083333333333 0.203125 0.25625
0 0.7265625 0.7270833333333333 0.21250000000000002 0.275
0 0.25859375 0.7822916666666666 0.22031250000000002 0.2895833333333333
1 0.24531250000000002 0.790625 0.05625 0.07708333333333334
1 0.3171875 0.24166666666666667 0.05 0.06666666666666667
1 0.7421875 0.73125 0.053125000000000006 0.07083333333333333
1 0.7859375000000001 0.28229166666666666 0.05 0.06458333333333333
2 0.25703125 0.23854166666666665 0.035937500000000004 0.08541666666666667
2 0.33671875 0.16979166666666667 0.0671875 0.04375
2 0.38984375000000004 0.2708333333333333 0.0328125 0.0875
2 0.31015625 0.33958333333333335 0.0671875 0.041666666666666664
2 0.25078125 0.6854166666666667 0.0734375 0.04583333333333333
2 0.328125 0.771875 0.034375 0.09791666666666667
2 0.25859375 0.8822916666666667 0.0765625 0.04791666666666666
2 0.1796875 0.79375 0.034375 0.1
2 0.75390625 0.6395833333333333 0.0671875 0.058333333333333334
2 0.796875 0.7614583333333333 0.040625 0.09375
2 0.70859375 0.8166666666666667 0.0703125 0.058333333333333334
2 0.6664062500000001 0.69375 0.0421875 0.09166666666666666
2 0.74609375 0.21666666666666667 0.060937500000000006 0.05
2 0.8328125000000001 0.2625 0.043750000000000004 0.08333333333333333
2 0.71640625 0.32916666666666666 0.0421875 0.08333333333333333
2 0.80390625 0.3729166666666667 0.060937500000000006 0.05416666666666667
