0 0.43593750000000003 0.3833333333333333 0.22187500000000002 0.29583333333333334
0 0.6570312500000001 0.38125 0.2234375 0.2916666666666667
0 0.45859375 0.6875 0.22968750000000002 0.3125
1 0.46015625000000004 0.6864583333333333 0.060937500000000006 0.08125
1 0.43671875000000004 0.3645833333333333 0.0578125 0.075
1 0.671875 0.359375 0.05625 0.07291666666666667
2 0.36015625 0.34270833333333334 0.0484375 0.09791666666666667
2 0.46015625000000004 0.28229166666666666 0.0734375 0.05625
2 0.509375 0.4083333333333333 0.043750000000000004 0.09583333333333333
2 0.41171875 0.4708333333333333 0.0765625 0.058333333333333334
2 0.38125000000000003 0.6541666666666667 0.046875 0.10833333333333334
2 0.48203125 0.58125 0.0765625 0.058333333333333334
2 0.53515625 0.7125 0.045312500000000006 0.10833333333333334
2 0.43593750000000003 0.7875 0.08125 0.0625
2 0.6023437500000001 0.303125 0.0578125 0.08125
2 0.7093750000000001 0.2947916666666667 0.065625 0.07708333333333334
2 0.721875 0.4375 0.05625 0.08333333333333333
2 0.6140625000000001 0.44687499999999997 0.065625 0.07708333333333334
