0 0.22578125000000002 0.7333333333333333 0.2828125 0.36666666666666664
0 0.78515625 0.3614583333333333 0.2578125 0.32708333333333334
1 0.20703125 0.7385416666666667 0.0703125 0.09375
1 0.81171875 0.3375 0.06406250000000001 0.08333333333333333
2 0.12421875 0.7395833333333334 0.045312500000000006 0.12916666666666665
2 0.22109375 0.6072916666666667 0.09531250000000001 0.05625
2 0.31484375000000003 0.725 0.0421875 0.12916666666666665
2 0.22109375 0.8604166666666666 0.09843750000000001 0.0625
2 0.72578125 0.2791666666666667 0.060937500000000006 0.09166666666666666
2 0.8453125 0.26458333333333334 0.07187500000000001 0.08333333333333333
2 0.86484375 0.421875 0.060937500000000006 0.09791666666666667
2 0.74375 0.43854166666666666 0.07500000000000001 0.08541666666666667
