0 0.3328125 0.3541666666666667 0.19375 0.25
0 0.5398437500000001 0.146875 0.1859375 0.2604166666666667
0 0.7507812500000001 0.409375 0.20468750000000002 0.26458333333333334
0 0.43593750000000003 0.8604166666666666 0.203125 0.2791666666666667
1 0.31796875 0.3385416666666667 0.0484375 0.06458333333333333
1 0.5390625 0.11562499999999999 0.046875 0.06041666666666667
1 0.7609375 0.3958333333333333 0.05 0.06666666666666667
1 0.42812500000000003 0.8770833333333333 0.053125000000000006 0.07083333333333333
2 0.26796875000000003 0.31979166666666664 0.0390625 0.08125
2 0.35078125000000004 0.2677083333333333 0.060937500000000006 0.04791666666666666
2 0.38515625000000003 0.37916666666666665 0.0390625 0.08333333333333333
2 0.3015625 0.428125 0.0625 0.052083333333333336
2 0.51171875 0.06041666666666667 0.0578125 0.05416666666666667
2 0.596875 0.09791666666666667 0.040625 0.075
2 0.56640625 0.20729166666666665 0.060937500000000006 0.052083333333333336
2 0.48046875 0.16979166666666667 0.0390625 0.08125
2 0.69140625 0.4395833333333333 0.045312500000000006 0.08333333333333333
2 0.72421875 0.3229166666666667 0.06406250000000001 0.05416666666666667
2 0.815625 0.365625 0.046875 0.08541666666666667
2 0.784375 0.4822916666666667 0.065625 0.05625
2 0.45078125 0.7770833333333333 0.0671875 0.05
2 0.5 0.8916666666666666 0.037500000000000006 0.09583333333333333
2 0.41484375 0.9583333333333334 0.0703125 0.05416666666666667
2 0.3671875 0.8416666666666667 0.037500000000000006 0.09166666666666666
