0 0.43515625 0.3927083333333333 0.22968750000000002 0.3104166666666667
0 0.6664062500000001 0.421875 0.2328125 0.30625
0 0.5375 0.6791666666666667 0.23750000000000002 0.3208333333333333
0 0.29296875 0.6489583333333333 0.2484375 0.32708333333333334
1 0.28203125 0.6510416666666666 0.06406250000000001 0.08541666666666667
1 0.5421875 0.6822916666666666 0.0625 0.08541666666666667
1 0.43359375 0.37604166666666666 0.060937500000000006 0.08125
1 0.68125 0.40625 0.059375000000000004 0.07916666666666666
2 0.21171875 0.6041666666666666 0.0546875 0.10833333333333334
2 0.32421875 0.546875 0.07968750000000001 0.06875
2 0.36562500000000003 0.69375 0.053125000000000006 0.10833333333333334
2 0.25390625 0.753125 0.08281250000000001 0.07291666666666667
2 0.46484375 0.6291666666666667 0.051562500000000004 0.10416666666666667
2 0.57578125 0.5791666666666666 0.0765625 0.07083333333333333
2 0.6140625000000001 0.728125 0.053125000000000006 0.10625
2 0.503125 0.7802083333333333 0.078125 0.07291666666666667
2 0.35390625000000003 0.39375 0.0390625 0.10833333333333334
2 0.42890625000000004 0.28229166666666666 0.07968750000000001 0.052083333333333336
2 0.5140625 0.378125 0.037500000000000006 0.10625
2 0.44140625 0.49166666666666664 0.08281250000000001 0.05
2 0.6015625 0.46041666666666664 0.05 0.1
2 0.6359375 0.31979166666666664 0.07187500000000001 0.06458333333333333
2 0.7421875 0.3697916666666667 0.053125000000000006 0.09791666666666667
2 0.70859375 0.5104166666666666 0.0734375 0.07083333333333333
