0 0.23593750000000002 0.5802083333333333 0.19687500000000002 0.2520833333333333
0 0.40078125000000003 0.25104166666666666 0.18281250000000002 0.24791666666666667
0 0.67109375 0.2739583333333333 0.18281250000000002 0.24375
0 0.8070312500000001 0.59375 0.19843750000000002 0.24166666666666667
1 0.22187500000000002 0.575 0.05 0.06666666666666667
1 0.39609375 0.22708333333333333 0.045312500000000006 0.058333333333333334
1 0.6820312500000001 0.25104166666666666 0.045312500000000006 0.06041666666666667
1 0.82734375 0.5927083333333333 0.0484375 0.06458333333333333
2 0.19140625 0.5072916666666667 0.0578125 0.06458333333333333
2 0.284375 0.521875 0.046875 0.07291666666666667
2 0.27109375 0.64375 0.0578125 0.06666666666666667
2 0.1765625 0.63125 0.05 0.075
2 0.415625 0.16354166666666667 0.059375000000000004 0.04375
2 0.45937500000000003 0.2604166666666667 0.03125 0.07916666666666666
2 0.384375 0.3177083333333333 0.0625 0.04375
2 0.340625 0.221875 0.034375 0.07708333333333334
2 0.63203125 0.20729166666666665 0.0484375 0.06041666666666667
2 0.7203125 0.21041666666666667 0.05 0.0625
2 0.7210937500000001 0.3229166666666667 0.0484375 0.0625
2 0.6328125 0.3208333333333333 0.05 0.0625
2 0.78515625 0.5177083333333333 0.0578125 0.05625
2 0.8718750000000001 0.55625 0.043750000000000004 0.07916666666666666
2 0.846875 0.66875 0.059375000000000004 0.05416666666666667
2 0.7601562500000001 0.6302083333333334 0.0421875 0.08125
