0 0.32656250000000003 0.4427083333333333 0.19687500000000002 0.2604166666666667
0 0.5242187500000001 0.4302083333333333 0.1953125 0.26458333333333334
0 0.72421875 0.4197916666666667 0.20468750000000002 0.26458333333333334
0 0.5390625 0.696875 0.2 0.26458333333333334
1 0.31796875 0.42916666666666664 0.051562500000000004 0.06666666666666667
1 0.525 0.4166666666666667 0.05 0.06666666666666667
1 0.7351562500000001 0.40520833333333334 0.051562500000000004 0.06875
1 0.540625 0.6989583333333333 0.05 0.06875
2 0.28750000000000003 0.3625 0.059375000000000004 0.0625
2 0.38046875 0.38229166666666664 0.0484375 0.07708333333333334
2 0.36250000000000004 0.5083333333333333 0.059375000000000004 0.06666666666666667
2 0.26796875000000003 0.4875 0.0484375 0.07916666666666666
2 0.4578125 0.4197916666666667 0.03125 0.08958333333333333
2 0.5296875 0.33541666666666664 0.06875 0.041666666666666664
2 0.59296875 0.42916666666666664 0.0328125 0.09166666666666666
2 0.52109375 0.5135416666666667 0.0703125 0.04375
2 0.6664062500000001 0.3677083333333333 0.045312500000000006 0.08125
2 0.759375 0.33541666666666664 0.0625 0.058333333333333334
2 0.78828125 0.4583333333333333 0.045312500000000006 0.08333333333333333
2 0.69453125 0.49166666666666664 0.06406250000000001 0.0625
2 0.47890625000000003 0.65 0.045312500000000006 0.0875
2 0.57265625 0.6114583333333333 0.06406250000000001 0.06041666666666667
2 0.6023437500000001 0.7395833333333334 0.045312500000000006 0.0875
2 0.50625 0.778125 0.065625 0.06458333333333333
