0 0.3140625 0.49166666666666664 0.41250000000000003 0.5333333333333333
0 0.6703125000000001 0.5572916666666666 0.30000000000000004 0.45208333333333334
1 0.34765625 0.4552083333333333 0.1078125 0.13958333333333334
1 0.7195312500000001 0.5333333333333333 0.0734375 0.11666666666666667
2 0.22031250000000002 0.35 0.11875000000000001 0.15
2 0.42109375000000004 0.34270833333333334 0.11093750000000001 0.13541666666666666
2 0.44453125000000004 0.5958333333333333 0.09843750000000001 0.15416666666666667
2 0.23828125 0.621875 0.13593750000000002 0.15208333333333332
2 0.62265625 0.41041666666666665 0.0890625 0.10416666666666667
2 0.76171875 0.4635416666666667 0.0703125 0.13125
2 0.6039062500000001 0.6322916666666667 0.08281250000000001 0.14791666666666667
2 0.74921875 0.6770833333333334 0.07968750000000001 0.1125
