0 0.2421875 0.48333333333333334 0.253125 0.3208333333333333
0 0.48828125 0.4864583333333333 0.23593750000000002 0.31875
0 0.7250000000000001 0.49374999999999997 0.240625 0.3125
1 0.2265625 0.475 0.0625 0.08333333333333333
1 0.4890625 0.48020833333333335 0.0625 0.08125
1 0.7429687500000001 0.48854166666666665 0.060937500000000006 0.08125
2 0.1609375 0.4322916666666667 0.05625 0.10625
2 0.275 0.37916666666666665 0.08125 0.07083333333333333
2 0.31484375000000003 0.5270833333333333 0.0546875 0.10833333333333334
2 0.2015625 0.58125 0.08125 0.07083333333333333
2 0.40937500000000004 0.4427083333333333 0.05 0.10625
2 0.5171875 0.3802083333333333 0.078125 0.06458333333333333
2 0.56484375 0.521875 0.0484375 0.10625
2 0.45703125 0.5854166666666667 0.08281250000000001 0.06666666666666667
2 0.6703125000000001 0.41354166666666664 0.0625 0.08541666666666667
2 0.78671875 0.4114583333333333 0.0671875 0.08541666666666667
2 0.790625 0.5677083333333334 0.0625 0.08958333333333333
2 0.6742187500000001 0.5708333333333333 0.0671875 0.0875
