0 0.19296875000000002 0.3375 0.29531250000000003 0.37083333333333335
0 0.7015625000000001 0.7072916666666667 0.29375 0.38958333333333334
1 0.1640625 0.31354166666666666 0.07187500000000001 0.09375
1 0.7171875000000001 0.715625 0.078125 0.10208333333333333
2 0.08750000000000001 0.34270833333333334 0.046875 0.12708333333333333
2 0.1765625 0.20416666666666666 0.096875 0.0625
2 0.1921875 0.45416666666666666 0.096875 0.0625
2 0.27968750000000003 0.3145833333333333 0.046875 0.12916666666666665
2 0.60546875 0.7114583333333333 0.045312500000000006 0.13541666666666666
2 0.70234375 0.575 0.1015625 0.0625
2 0.8070312500000001 0.7052083333333333 0.0484375 0.13541666666666666
2 0.7109375 0.8447916666666666 0.10312500000000001 0.06458333333333333
