0 0.36562500000000003 0.359375 0.275 0.36041666666666666
0 0.5242187500000001 0.5104166666666666 0.2546875 0.3458333333333333
1 0.52890625 0.5010416666666666 0.0671875 0.08958333333333333
1 0.33046875000000003 0.30625 0.06406250000000001 0.08333333333333333
2 0.26328125 0.3729166666666667 0.0421875 0.1125
2 0.35781250000000003 0.4458333333333333 0.09375 0.07083333333333333
2 0.43828125 0.29791666666666666 0.045312500000000006 0.1125
2 0.33984375 0.228125 0.0859375 0.06041666666666667
2 0.55703125 0.3958333333333333 0.0859375 0.07083333333333333
2 0.609375 0.5479166666666666 0.053125000000000006 0.11666666666666667
2 0.49296875 0.61875 0.0890625 0.07083333333333333
