0 0.4546875 0.24166666666666667 0.25 0.3333333333333333
0 0.37578125 0.7885416666666667 0.27968750000000003 0.3770833333333333
1 0.36796875 0.790625 0.0734375 0.09791666666666667
1 0.45390625 0.2 0.06406250000000001 0.07916666666666666
2 0.38359375 0.1625 0.06406250000000001 0.09166666666666666
2 0.5046875000000001 0.1375 0.07500000000000001 0.075
2 0.52734375 0.28541666666666665 0.060937500000000006 0.09583333333333333
2 0.40468750000000003 0.31354166666666666 0.078125 0.07708333333333334
2 0.43515625 0.6802083333333333 0.07968750000000001 0.09375
2 0.2984375 0.7052083333333333 0.07187500000000001 0.11041666666666666
2 0.31093750000000003 0.8937499999999999 0.08750000000000001 0.1
2 0.45156250000000003 0.8666666666666667 0.07187500000000001 0.11666666666666667
