0 0.225 0.5739583333333333 0.225 0.28541666666666665
0 0.6570312500000001 0.6739583333333333 0.18906250000000002 0.24791666666666667
0 0.33828125000000003 0.2552083333333333 0.1953125 0.25625
1 0.2234375 0.559375 0.059375000000000004 0.07291666666666667
1 0.34453125 0.22083333333333333 0.0484375 0.058333333333333334
1 0.68125 0.6666666666666666 0.043750000000000004 0.06666666666666667
2 0.15234375 0.5354166666666667 0.0484375 0.09583333333333333
2 0.253125 0.475 0.07187500000000001 0.05416666666666667
2 0.2984375 0.5947916666666666 0.043750000000000004 0.09375
2 0.2 0.6583333333333333 0.078125 0.058333333333333334
2 0.29453125 0.178125 0.0546875 0.06041666666666667
2 0.38906250000000003 0.18645833333333334 0.053125000000000006 0.06458333333333333
2 0.39140625 0.3 0.051562500000000004 0.0625
2 0.29375 0.2947916666666667 0.05625 0.06875
2 0.63203125 0.596875 0.051562500000000004 0.06041666666666667
2 0.7156250000000001 0.6229166666666667 0.043750000000000004 0.075
2 0.7046875 0.7427083333333333 0.053125000000000006 0.06458333333333333
2 0.6195312500000001 0.7208333333333333 0.045312500000000006 0.07916666666666666
