0 0.36562500000000003 0.23229166666666667 0.21250000000000002 0.28541666666666665
0 0.20859375000000002 0.696875 0.2390625 0.3020833333333333
0 0.54609375 0.4510416666666667 0.2109375 0.28125
0 0.82421875 0.2989583333333333 0.21406250000000002 0.26875
1 0.36171875000000003 0.20520833333333333 0.0546875 0.07291666666666667
1 0.5554687500000001 0.43854166666666666 0.0546875 0.07291666666666667
1 0.85078125 0.27708333333333335 0.0484375 0.06666666666666667
1 0.19375 0.7020833333333333 0.059375000000000004 0.07916666666666666
2 0.12890625 0.73125 0.045312500000000006 0.10416666666666667
2 0.184375 0.6010416666666667 0.078125 0.06041666666666667
2 0.28125 0.6645833333333333 0.043750000000000004 0.1
2 0.22734375 0.7958333333333333 0.07968750000000001 0.0625
2 0.29375 0.19895833333333332 0.037500000000000006 0.09375
2 0.3796875 0.13125 0.07187500000000001 0.05
2 0.43515625 0.24166666666666667 0.035937500000000004 0.09166666666666666
2 0.34921875 0.3104166666666667 0.0734375 0.05
2 0.47968750000000004 0.4375 0.034375 0.1
2 0.55625 0.353125 0.07187500000000001 0.04375
2 0.6218750000000001 0.45625 0.034375 0.09583333333333333
2 0.5453125 0.5416666666666666 0.07500000000000001 0.04583333333333333
2 0.8070312500000001 0.20625 0.06406250000000001 0.05
2 0.8953125000000001 0.2583333333333333 0.043750000000000004 0.0875
2 0.7742187500000001 0.321875 0.0421875 0.08958333333333333
2 0.86328125 0.37395833333333334 0.06406250000000001 0.05625
