0 0.24453125 0.6114583333333333 0.2109375 0.27291666666666664
0 0.41953125 0.4479166666666667 0.19843750000000002 0.26666666666666666
0 0.5015625 0.13333333333333333 0.1875 0.2583333333333333
1 0.22734375 0.6041666666666666 0.051562500000000004 0.06666666666666667
1 0.41250000000000003 0.43333333333333335 0.05 0.06666666666666667
1 0.5015625 0.096875 0.046875 0.05625
2 0.18984375 0.5447916666666667 0.0546875 0.07708333333333334
2 0.28828125 0.5385416666666667 0.0546875 0.07291666666666667
2 0.28828125 0.6708333333333333 0.0546875 0.07916666666666666
2 0.1875 0.6770833333333334 0.05625 0.075
2 0.3515625 0.42083333333333334 0.037500000000000006 0.0875
2 0.434375 0.35625 0.065625 0.04583333333333333
2 0.48281250000000003 0.46249999999999997 0.037500000000000006 0.0875
2 0.4 0.528125 0.06875 0.052083333333333336
2 0.45234375000000004 0.06770833333333333 0.0484375 0.06458333333333333
2 0.54296875 0.05520833333333333 0.0546875 0.06041666666666667
2 0.55234375 0.16770833333333332 0.0484375 0.06875
2 0.46015625000000004 0.18020833333333333 0.0546875 0.06041666666666667
