0 0.22578125000000002 0.5135416666666667 0.20468750000000002 0.25625
0 0.5375 0.675 0.19687500000000002 0.2625
0 0.81640625 0.47291666666666665 0.2109375 0.2583333333333333
0 0.65625 0.15833333333333333 0.1875 0.25416666666666665
1 0.20625000000000002 0.5052083333333334 0.046875 0.06458333333333333
1 0.53828125 0.6770833333333334 0.051562500000000004 0.07083333333333333
1 0.8359375 0.4614583333333333 0.05 0.06458333333333333
1 0.6640625 0.12604166666666666 0.046875 0.06041666666666667
2 0.17500000000000002 0.44479166666666664 0.059375000000000004 0.06875
2 0.2703125 0.45 0.05 0.07083333333333333
2 0.26406250000000003 0.575 0.05625 0.07083333333333333
2 0.16718750000000002 0.571875 0.053125000000000006 0.07291666666666667
2 0.47265625 0.6510416666666666 0.035937500000000004 0.08958333333333333
2 0.5554687500000001 0.5864583333333333 0.0671875 0.04791666666666666
2 0.6039062500000001 0.6979166666666666 0.035937500000000004 0.09166666666666666
2 0.52109375 0.7625 0.0671875 0.05416666666666667
2 0.61640625 0.20625 0.0546875 0.0625
2 0.7093750000000001 0.19895833333333332 0.05 0.06875
2 0.6101562500000001 0.08958333333333333 0.0484375 0.06666666666666667
2 0.7015625000000001 0.08229166666666667 0.053125000000000006 0.06041666666666667
2 0.7875000000000001 0.390625 0.059375000000000004 0.06041666666666667
2 0.88046875 0.42291666666666666 0.0484375 0.07916666666666666
2 0.8601562500000001 0.5427083333333333 0.060937500000000006 0.06041666666666667
2 0.7664062500000001 0.5114583333333333 0.045312500000000006 0.08125
