0 0.51484375 0.24791666666666667 0.21406250000000002 0.2875
0 0.415625 0.5010416666666666 0.22187500000000002 0.29375
0 0.6375000000000001 0.48125 0.22187500000000002 0.2875
0 0.540625 0.7458333333333333 0.22187500000000002 0.30416666666666664
1 0.51796875 0.22291666666666665 0.0546875 0.07083333333333333
1 0.65 0.47291666666666665 0.05625 0.075
1 0.4109375 0.4927083333333333 0.05625 0.07708333333333334
1 0.54453125 0.7552083333333334 0.0578125 0.07708333333333334
2 0.4921875 0.665625 0.065625 0.07708333333333334
2 0.6023437500000001 0.68125 0.0578125 0.0875
2 0.58984375 0.8312499999999999 0.0671875 0.08333333333333333
2 0.47968750000000004 0.8145833333333333 0.059375000000000004 0.09166666666666666
2 0.375 0.4114583333333333 0.06875 0.06875
2 0.48125 0.44479166666666664 0.053125000000000006 0.08958333333333333
2 0.3484375 0.5510416666666667 0.053125000000000006 0.09375
2 0.4546875 0.5854166666666667 0.06875 0.07083333333333333
2 0.5789062500000001 0.421875 0.0546875 0.08958333333333333
2 0.68515625 0.3958333333333333 0.0671875 0.07083333333333333
2 0.70625 0.5364583333333334 0.053125000000000006 0.08958333333333333
2 0.60078125 0.5614583333333333 0.0671875 0.07291666666666667
2 0.44375000000000003 0.22083333333333333 0.037500000000000006 0.09583333333333333
2 0.52890625 0.14375 0.0734375 0.05
2 0.5890625 0.25416666666666665 0.037500000000000006 0.09583333333333333
2 0.5046875000000001 0.33125 0.07500000000000001 0.05
