0 0.34453125 0.2895833333333333 0.2265625 0.3
0 0.8226562500000001 0.2833333333333333 0.2390625 0.3
0 0.153125 0.7104166666666667 0.259375 0.3208333333333333
1 0.125 0.7125 0.0625 0.08333333333333333
1 0.3328125 0.259375 0.059375000000000004 0.07291666666666667
1 0.8460937500000001 0.253125 0.0578125 0.07291666666666667
2 0.059375000000000004 0.7322916666666667 0.040625 0.11458333333333333
2 0.134375 0.6010416666666667 0.084375 0.05625
2 0.225 0.6875 0.040625 0.1125
2 0.15234375 0.8208333333333333 0.0859375 0.058333333333333334
2 0.28828125 0.20416666666666666 0.0671875 0.07916666666666666
2 0.39921875 0.20833333333333334 0.060937500000000006 0.07916666666666666
2 0.3921875 0.35104166666666664 0.065625 0.08125
2 0.28046875 0.346875 0.060937500000000006 0.08541666666666667
2 0.8210937500000001 0.171875 0.0765625 0.04375
2 0.9078125 0.2625 0.040625 0.1
2 0.7562500000000001 0.2791666666666667 0.037500000000000006 0.1
2 0.84375 0.36875 0.078125 0.05
