0 0.34296875000000004 0.190625 0.2015625 0.2604166666666667
0 0.33437500000000003 0.4552083333333333 0.209375 0.26875
0 0.33906250000000004 0.7354166666666666 0.21875 0.2875
0 0.8656250000000001 0.3645833333333333 0.21250000000000002 0.2583333333333333
1 0.33203125 0.7395833333333334 0.0546875 0.07916666666666666
1 0.325 0.440625 0.053125000000000006 0.07291666666666667
1 0.33515625000000004 0.16145833333333334 0.051562500000000004 0.06458333333333333
1 0.89375 0.34270833333333334 0.05 0.06458333333333333
2 0.30625 0.10729166666666666 0.0625 0.06041666666666667
2 0.39921875 0.13958333333333334 0.0484375 0.07916666666666666
2 0.37421875000000004 0.25625 0.06406250000000001 0.058333333333333334
2 0.27890625 0.225 0.045312500000000006 0.07916666666666666
2 0.340625 0.3572916666666667 0.07187500000000001 0.04375
2 0.26171875 0.43854166666666666 0.035937500000000004 0.09375
2 0.40156250000000004 0.45729166666666665 0.034375 0.09375
2 0.32265625000000003 0.540625 0.0734375 0.04791666666666666
2 0.32343750000000004 0.6385416666666667 0.07500000000000001 0.052083333333333336
2 0.40859375000000003 0.7125 0.0390625 0.1
2 0.35000000000000003 0.8312499999999999 0.07500000000000001 0.05416666666666667
2 0.26406250000000003 0.7552083333333334 0.037500000000000006 0.10208333333333333
2 0.85078125 0.27291666666666664 0.06406250000000001 0.05
2 0.9382812500000001 0.3260416666666667 0.0421875 0.08541666666666667
2 0.815625 0.384375 0.040625 0.08541666666666667
2 0.90390625 0.43854166666666666 0.06406250000000001 0.052083333333333336
