0 0.5046875000000001 0.5760416666666667 0.30000000000000004 0.39375
0 0.5398437500000001 0.3052083333333333 0.27968750000000003 0.3729166666666667
1 0.5015625 0.6354166666666666 0.078125 0.09166666666666666
1 0.5476562500000001 0.290625 0.0734375 0.09791666666666667
2 0.40234375 0.5572916666666666 0.060937500000000006 0.12291666666666666
2 0.54140625 0.4822916666666667 0.1078125 0.08125
2 0.60078125 0.646875 0.06406250000000001 0.11875
2 0.46718750000000003 0.7135416666666666 0.096875 0.06875
2 0.45234375000000004 0.2625 0.0578125 0.125
2 0.57265625 0.18020833333333333 0.09531250000000001 0.07291666666666667
2 0.63671875 0.34270833333333334 0.0546875 0.12708333333333333
