0 0.34765625 0.371875 0.2609375 0.33958333333333335
0 0.7679687500000001 0.47291666666666665 0.2671875 0.3416666666666667
1 0.33515625000000004 0.35520833333333335 0.0671875 0.08958333333333333
1 0.7875000000000001 0.46458333333333335 0.065625 0.0875
2 0.29531250000000003 0.2677083333333333 0.078125 0.08541666666666667
2 0.41875 0.29791666666666666 0.0625 0.10416666666666667
2 0.39453125 0.46249999999999997 0.07968750000000001 0.08333333333333333
2 0.26875 0.43124999999999997 0.065625 0.10416666666666667
2 0.69296875 0.41770833333333335 0.0578125 0.11041666666666666
2 0.8109375000000001 0.3625 0.084375 0.075
2 0.8546875 0.5197916666666667 0.05625 0.11041666666666666
2 0.7351562500000001 0.575 0.0859375 0.075
