0 0.28359375000000003 0.26458333333333334 0.26406250000000003 0.3416666666666667
0 0.50546875 0.5947916666666666 0.2515625 0.33541666666666664
0 0.734375 0.4708333333333333 0.25 0.32916666666666666
1 0.2703125 0.24270833333333333 0.06875 0.08958333333333333
1 0.509375 0.5989583333333334 0.065625 0.08958333333333333
1 0.75546875 0.4635416666666667 0.060937500000000006 0.08541666666666667
2 0.20625000000000002 0.19270833333333334 0.065625 0.10208333333333333
2 0.33046875000000003 0.16041666666666665 0.07968750000000001 0.08333333333333333
2 0.35390625000000003 0.3229166666666667 0.06406250000000001 0.10416666666666667
2 0.22968750000000002 0.3541666666666667 0.08125 0.08333333333333333
2 0.42421875000000003 0.628125 0.0484375 0.11458333333333333
2 0.48359375000000004 0.484375 0.0859375 0.06458333333333333
2 0.5906250000000001 0.5625 0.05 0.1125
2 0.53125 0.7052083333333333 0.08750000000000001 0.06458333333333333
2 0.6687500000000001 0.4125 0.05625 0.10416666666666667
2 0.7828125 0.3697916666666667 0.078125 0.07708333333333334
2 0.815625 0.5239583333333333 0.05625 0.10625
2 0.7015625000000001 0.56875 0.078125 0.075
