0 0.46640625 0.496875 0.2859375 0.3854166666666667
0 0.07968750000000001 0.84375 0.15625 0.2791666666666667
1 0.434375 0.4739583333333333 0.07187500000000001 0.10208333333333333
2 0.37031250000000004 0.43854166666666666 0.05625 0.11875
2 0.49453125000000003 0.3645833333333333 0.0890625 0.07916666666666666
2 0.54140625 0.5395833333333333 0.06406250000000001 0.13333333333333333
2 0.4109375 0.6072916666666667 0.09062500000000001 0.08541666666666667
2 0.0578125 0.7625 0.05 0.05416666666666667
2 0.084375 0.8854166666666666 0.034375 0.09166666666666666
2 0.01953125 0.93125 0.035937500000000004 0.0625
