0 0.37578125 0.5354166666666667 0.2609375 0.3458333333333333
0 0.5703125 0.31666666666666665 0.25 0.3416666666666667
0 0.6117187500000001 0.6739583333333333 0.2578125 0.34791666666666665
1 0.36875 0.5291666666666667 0.06875 0.09166666666666666
1 0.5796875 0.296875 0.06875 0.08958333333333333
1 0.62421875 0.678125 0.0671875 0.09375
2 0.28359375000000003 0.5125 0.045312500000000006 0.12083333333333333
2 0.38906250000000003 0.4145833333333333 0.09062500000000001 0.058333333333333334
2 0.4625 0.5510416666666667 0.046875 0.11875
2 0.359375 0.6489583333333333 0.09062500000000001 0.06041666666666667
2 0.5554687500000001 0.5854166666666667 0.0734375 0.09166666666666666
2 0.6820312500000001 0.59375 0.0703125 0.1
2 0.5484375 0.7552083333333334 0.07187500000000001 0.10208333333333333
2 0.6781250000000001 0.7645833333333333 0.07500000000000001 0.09583333333333333
2 0.48984375 0.284375 0.045312500000000006 0.11458333333333333
2 0.59140625 0.2 0.0859375 0.0625
2 0.6578125 0.3364583333333333 0.043750000000000004 0.11458333333333333
2 0.5546875 0.42083333333333334 0.09062500000000001 0.0625
