0 0.11953125 0.365625 0.23593750000000002 0.3104166666666667
0 0.36875 0.5739583333333333 0.19687500000000002 0.26458333333333334
0 0.80234375 0.48854166666666665 0.2109375 0.2604166666666667
1 0.0765625 0.34479166666666666 0.059375000000000004 0.07708333333333334
1 0.35703125 0.5645833333333333 0.0484375 0.06666666666666667
1 0.81796875 0.471875 0.051562500000000004 0.06875
2 0.02890625 0.31354166666666666 0.051562500000000004 0.09375
2 0.13593750000000002 0.265625 0.07187500000000001 0.06875
2 0.16640625 0.403125 0.0546875 0.09791666666666667
2 0.05625 0.45416666666666666 0.07500000000000001 0.06666666666666667
2 0.29765625 0.5708333333333333 0.0328125 0.09166666666666666
2 0.3640625 0.659375 0.06875 0.04375
2 0.43203125000000003 0.5666666666666667 0.029687500000000002 0.09166666666666666
2 0.36640625000000004 0.48020833333333335 0.0671875 0.03958333333333333
2 0.7515625 0.42604166666666665 0.05 0.07291666666666667
2 0.84765625 0.41354166666666664 0.060937500000000006 0.06458333333333333
2 0.86484375 0.5395833333333333 0.051562500000000004 0.075
2 0.7664062500000001 0.553125 0.060937500000000006 0.06875
