0 0.29609375 0.484375 0.35781250000000003 0.47291666666666665
0 0.659375 0.5333333333333333 0.35000000000000003 0.46249999999999997
1 0.28515625 0.4822916666666667 0.09531250000000001 0.12708333333333333
1 0.6781250000000001 0.5322916666666666 0.09375 0.12708333333333333
2 0.19609375 0.3770833333333333 0.09843750000000001 0.14583333333333334
2 0.37812500000000004 0.353125 0.109375 0.12291666666666666
2 0.21796875000000002 0.6208333333333333 0.11093750000000001 0.125
2 0.39921875 0.5916666666666667 0.09531250000000001 0.14583333333333334
2 0.5945312500000001 0.3927083333333333 0.1078125 0.11875
2 0.76484375 0.4375 0.0859375 0.14166666666666666
2 0.73359375 0.6666666666666666 0.1046875 0.11666666666666667
2 0.56171875 0.6229166666666667 0.0890625 0.14583333333333334
