0 0.46328125000000003 0.4375 0.30781250000000004 0.4166666666666667
0 0.6742187500000001 0.4 0.2921875 0.3875
1 0.42031250000000003 0.43854166666666666 0.07187500000000001 0.11041666666666666
1 0.690625 0.3885416666666667 0.07500000000000001 0.10208333333333333
2 0.37343750000000003 0.3364583333333333 0.07500000000000001 0.11875
2 0.515625 0.32916666666666666 0.084375 0.125
2 0.51796875 0.5458333333333333 0.0859375 0.11666666666666667
2 0.375 0.5416666666666666 0.07500000000000001 0.1125
2 0.7195312500000001 0.275 0.09531250000000001 0.08333333333333333
2 0.7703125000000001 0.453125 0.0625 0.12708333333333333
2 0.640625 0.51875 0.09062500000000001 0.0875
