0 0.11484375000000001 0.5 0.2171875 0.2625
0 0.48125 0.5020833333333333 0.19375 0.2625
0 0.88671875 0.496875 0.2078125 0.24791666666666667
0 0.4765625 0.8510416666666667 0.2 0.28125
1 0.0921875 0.4895833333333333 0.053125000000000006 0.06666666666666667
1 0.48203125 0.49374999999999997 0.051562500000000004 0.06666666666666667
1 0.478125 0.8645833333333334 0.053125000000000006 0.07083333333333333
1 0.91328125 0.48854166666666665 0.0484375 0.06458333333333333
2 0.057031250000000006 0.4322916666666667 0.0578125 0.07291666666666667
2 0.15859375 0.4302083333333333 0.0546875 0.06875
2 0.1546875 0.5583333333333333 0.05625 0.075
2 0.053125000000000006 0.5614583333333333 0.05625 0.07291666666666667
2 0.41484375 0.49374999999999997 0.0328125 0.09166666666666666
2 0.48671875000000003 0.4114583333333333 0.0671875 0.04375
2 0.5476562500000001 0.5052083333333334 0.0328125 0.08958333333333333
2 0.4765625 0.5875 0.06875 0.041666666666666664
2 0.4453125 0.771875 0.065625 0.06041666666666667
2 0.53828125 0.8114583333333333 0.045312500000000006 0.08541666666666667
2 0.41328125000000004 0.9 0.045312500000000006 0.09166666666666666
2 0.50703125 0.9406249999999999 0.0671875 0.06458333333333333
2 0.84921875 0.4302083333333333 0.051562500000000004 0.06875
2 0.9421875000000001 0.4322916666666667 0.053125000000000006 0.06875
2 0.853125 0.5541666666666667 0.053125000000000006 0.07083333333333333
2 0.946875 0.5572916666666666 0.05 0.07291666666666667
