0 0.21250000000000002 0.29270833333333335 0.2625 0.33541666666666664
0 0.5046875000000001 0.34375 0.240625 0.325
0 0.7484375000000001 0.38645833333333335 0.246875 0.3229166666666667
0 0.6015625 0.6489583333333333 0.25 0.33541666666666664
1 0.1921875 0.2708333333333333 0.065625 0.0875
1 0.5078125 0.325 0.065625 0.08333333333333333
1 0.7671875 0.371875 0.0625 0.08125
1 0.6109375 0.6520833333333333 0.065625 0.0875
2 0.1265625 0.24270833333333333 0.05625 0.10625
2 0.240625 0.18125 0.08125 0.06666666666666667
2 0.284375 0.3302083333333333 0.053125000000000006 0.11041666666666666
2 0.1703125 0.38958333333333334 0.084375 0.07083333333333333
2 0.42109375000000004 0.340625 0.0390625 0.11458333333333333
2 0.50234375 0.225 0.0859375 0.05
2 0.58984375 0.33229166666666665 0.0390625 0.11041666666666666
2 0.5085937500000001 0.44895833333333335 0.0859375 0.052083333333333336
2 0.5296875 0.5927083333333333 0.05625 0.10625
2 0.6468750000000001 0.546875 0.078125 0.07708333333333334
2 0.6828125 0.7041666666666666 0.05625 0.10833333333333334
2 0.5640625 0.7510416666666666 0.08125 0.07708333333333334
2 0.67734375 0.425 0.051562500000000004 0.10833333333333334
2 0.71875 0.28020833333333334 0.078125 0.06875
2 0.8296875 0.3385416666666667 0.053125000000000006 0.10625
2 0.7890625 0.48333333333333334 0.078125 0.07083333333333333
