0 0.2171875 0.5197916666666667 0.21250000000000002 0.26875
0 0.48828125 0.22395833333333334 0.1921875 0.26458333333333334
0 0.7265625 0.6072916666666667 0.20625000000000002 0.26875
0 0.35625 0.8114583333333333 0.209375 0.28541666666666665
1 0.19921875 0.5135416666666667 0.051562500000000004 0.06875
1 0.34687500000000004 0.821875 0.053125000000000006 0.07291666666666667
1 0.73984375 0.6041666666666666 0.051562500000000004 0.07083333333333333
1 0.48671875000000003 0.19583333333333333 0.0484375 0.0625
2 0.1421875 0.5072916666666667 0.034375 0.08958333333333333
2 0.22031250000000002 0.42604166666666665 0.06875 0.04375
2 0.27890625 0.525 0.0328125 0.09166666666666666
2 0.20234375000000002 0.6072916666666667 0.0703125 0.04375
2 0.32578125 0.7260416666666667 0.0671875 0.06041666666666667
2 0.41796875 0.7729166666666667 0.045312500000000006 0.09166666666666666
2 0.28828125 0.8552083333333333 0.045312500000000006 0.09375
2 0.38125000000000003 0.903125 0.06875 0.06458333333333333
2 0.43203125000000003 0.16666666666666666 0.045312500000000006 0.075
2 0.5242187500000001 0.14166666666666666 0.0578125 0.058333333333333334
2 0.54453125 0.2583333333333333 0.045312500000000006 0.075
2 0.45156250000000003 0.28541666666666665 0.059375000000000004 0.058333333333333334
2 0.7250000000000001 0.5135416666666667 0.06875 0.04375
2 0.7992187500000001 0.6 0.0328125 0.09583333333333333
2 0.66328125 0.609375 0.0328125 0.09375
2 0.7367187500000001 0.696875 0.0703125 0.04375
