0 0.3171875 0.50625 0.278125 0.36666666666666664
0 0.5703125 0.384375 0.25625000000000003 0.34375
0 0.521875 0.7197916666666666 0.25 0.33541666666666664
1 0.3171875 0.5177083333333333 0.07500000000000001 0.09375
1 0.5867187500000001 0.38645833333333335 0.0671875 0.08958333333333333
1 0.53515625 0.7458333333333333 0.0671875 0.0875
2 0.2328125 0.45 0.06875 0.11666666666666667
2 0.3671875 0.4010416666666667 0.08750000000000001 0.08541666666666667
2 0.40468750000000003 0.5697916666666667 0.0625 0.11041666666666666
2 0.27265625 0.6208333333333333 0.0921875 0.08333333333333333
2 0.48750000000000004 0.6302083333333334 0.084375 0.07708333333333334
2 0.6046875 0.6739583333333333 0.05625 0.10208333333333333
2 0.44921875 0.7885416666666667 0.060937500000000006 0.10625
2 0.56640625 0.828125 0.07968750000000001 0.07708333333333334
2 0.5015625 0.31666666666666665 0.065625 0.1125
2 0.625 0.284375 0.078125 0.08958333333333333
2 0.64765625 0.45208333333333334 0.060937500000000006 0.10416666666666667
2 0.5265625 0.4864583333333333 0.08125 0.08541666666666667
