0 0.22968750000000002 0.4166666666666667 0.25625000000000003 0.325
0 0.46718750000000003 0.6333333333333333 0.2 0.2708333333333333
0 0.8953125000000001 0.575 0.209375 0.2583333333333333
1 0.21406250000000002 0.4010416666666667 0.0625 0.08125
1 0.46796875000000004 0.6302083333333334 0.051562500000000004 0.06875
1 0.9226562500000001 0.5677083333333334 0.0484375 0.06458333333333333
2 0.15078125 0.35625 0.060937500000000006 0.1
2 0.26875 0.3145833333333333 0.078125 0.075
2 0.30000000000000004 0.46249999999999997 0.059375000000000004 0.10416666666666667
2 0.18046875 0.5083333333333333 0.07968750000000001 0.075
2 0.46953125 0.5364583333333334 0.0703125 0.04375
2 0.5359375000000001 0.6322916666666667 0.03125 0.09375
2 0.39765625000000004 0.628125 0.029687500000000002 0.09375
2 0.46484375 0.7239583333333334 0.0703125 0.04375
2 0.9460937500000001 0.5052083333333334 0.0578125 0.06875
2 0.8539062500000001 0.5114583333333333 0.0484375 0.07291666666666667
2 0.8656250000000001 0.6385416666666667 0.05625 0.06875
2 0.96015625 0.63125 0.0484375 0.075
