0 0.42812500000000003 0.5729166666666666 0.23750000000000002 0.31666666666666665
0 0.6375000000000001 0.41354166666666664 0.25 0.32708333333333334
1 0.40703125 0.5729166666666666 0.0578125 0.08333333333333333
1 0.6312500000000001 0.40520833333333334 0.065625 0.08541666666666667
2 0.37734375000000003 0.4791666666666667 0.0703125 0.075
2 0.48750000000000004 0.5135416666666667 0.05625 0.09791666666666667
2 0.46171875 0.6645833333333333 0.0734375 0.07916666666666666
2 0.3515625 0.628125 0.053125000000000006 0.09791666666666667
2 0.56953125 0.334375 0.0671875 0.08958333333333333
2 0.69453125 0.325 0.0734375 0.0875
2 0.6984375 0.48854166666666665 0.06875 0.09375
2 0.5734375 0.49374999999999997 0.06875 0.09166666666666666
