0 0.32265625000000003 0.2635416666666667 0.2421875 0.3145833333333333
0 0.15234375 0.7208333333333333 0.2671875 0.3333333333333333
0 0.70078125 0.65625 0.2546875 0.32916666666666666
1 0.12109375 0.7270833333333333 0.06406250000000001 0.0875
1 0.30781250000000004 0.23333333333333334 0.0625 0.08333333333333333
1 0.7132812500000001 0.6541666666666667 0.06406250000000001 0.0875
2 0.057031250000000006 0.7520833333333333 0.045312500000000006 0.11666666666666667
2 0.12421875 0.6104166666666666 0.0859375 0.0625
2 0.22421875000000002 0.690625 0.045312500000000006 0.11458333333333333
2 0.15937500000000002 0.834375 0.08750000000000001 0.06458333333333333
2 0.6312500000000001 0.5885416666666666 0.059375000000000004 0.10208333333333333
2 0.7515625 0.55625 0.078125 0.07916666666666666
2 0.7796875000000001 0.7177083333333333 0.0625 0.10625
2 0.6578125 0.7510416666666666 0.08125 0.08541666666666667
2 0.259375 0.18125 0.065625 0.0875
2 0.375 0.17395833333333333 0.065625 0.08125
2 0.3765625 0.3260416666666667 0.065625 0.08958333333333333
2 0.25859375 0.33229166666666665 0.0671875 0.08541666666666667
