0 0.35546875 0.6010416666666667 0.2484375 0.33125
0 0.690625 0.7666666666666666 0.234375 0.3125
1 0.35625 0.6114583333333333 0.065625 0.08541666666666667
1 0.7171875000000001 0.7864583333333334 0.059375000000000004 0.08125
2 0.30781250000000004 0.5114583333333333 0.078125 0.08125
2 0.42890625000000004 0.5416666666666666 0.060937500000000006 0.1
2 0.40625 0.6989583333333333 0.07500000000000001 0.08125
2 0.28359375000000003 0.6729166666666666 0.06406250000000001 0.1
2 0.6453125000000001 0.7 0.0625 0.09166666666666666
2 0.7546875000000001 0.6927083333333334 0.059375000000000004 0.08125
2 0.7562500000000001 0.84375 0.059375000000000004 0.0875
2 0.64765625 0.8552083333333333 0.060937500000000006 0.08541666666666667
