0 0.1421875 0.48541666666666666 0.21250000000000002 0.2583333333333333
0 0.53359375 0.225 0.18906250000000002 0.2583333333333333
0 0.9015625 0.5072916666666667 0.19687500000000002 0.2520833333333333
0 0.49296875 0.84375 0.1953125 0.275
1 0.11796875000000001 0.4770833333333333 0.051562500000000004 0.06666666666666667
1 0.9375 0.5010416666666666 0.05 0.06458333333333333
1 0.53828125 0.2 0.0484375 0.0625
1 0.49453125000000003 0.859375 0.051562500000000004 0.06875
2 0.08515625 0.4166666666666667 0.0578125 0.07083333333333333
2 0.184375 0.41770833333333335 0.053125000000000006 0.07291666666666667
2 0.08125 0.5447916666666667 0.05625 0.07291666666666667
2 0.18125000000000002 0.5447916666666667 0.05625 0.07291666666666667
2 0.46328125000000003 0.7645833333333333 0.06406250000000001 0.058333333333333334
2 0.5546875 0.8072916666666666 0.043750000000000004 0.08541666666666667
2 0.521875 0.9333333333333333 0.065625 0.0625
2 0.43125 0.8885416666666667 0.043750000000000004 0.08958333333333333
2 0.87265625 0.4395833333333333 0.051562500000000004 0.06666666666666667
2 0.9671875000000001 0.44479166666666664 0.053125000000000006 0.06875
2 0.96796875 0.5697916666666667 0.051562500000000004 0.06875
2 0.8734375000000001 0.5635416666666666 0.053125000000000006 0.07291666666666667
2 0.4734375 0.19375 0.034375 0.08333333333333333
2 0.5515625000000001 0.13541666666666666 0.0625 0.04583333333333333
2 0.5984375000000001 0.23645833333333333 0.034375 0.08125
2 0.5203125000000001 0.2947916666666667 0.065625 0.04791666666666666
