0 0.2609375 0.5375 0.22812500000000002 0.29583333333333334
0 0.5906250000000001 0.6791666666666667 0.234375 0.31666666666666665
1 0.234375 0.5354166666666667 0.05625 0.075
1 0.5867187500000001 0.6895833333333333 0.060937500000000006 0.08333333333333333
2 0.203125 0.4552083333333333 0.065625 0.07708333333333334
2 0.309375 0.47291666666666665 0.05625 0.0875
2 0.29453125 0.6177083333333333 0.06406250000000001 0.07708333333333334
2 0.18906250000000002 0.6 0.053125000000000006 0.0875
2 0.5242187500000001 0.6104166666666666 0.060937500000000006 0.09166666666666666
2 0.6414062500000001 0.5979166666666667 0.0703125 0.08333333333333333
2 0.6531250000000001 0.7552083333333334 0.0625 0.09375
2 0.5359375000000001 0.7666666666666666 0.06875 0.08333333333333333
