0 0.49921875000000004 0.2895833333333333 0.21406250000000002 0.2916666666666667
0 0.2109375 0.7447916666666666 0.25 0.3229166666666667
0 0.76171875 0.34270833333333334 0.22031250000000002 0.28125
1 0.19453125000000002 0.7510416666666666 0.06406250000000001 0.08541666666666667
1 0.78515625 0.32395833333333335 0.0546875 0.06875
1 0.5046875000000001 0.2625 0.05625 0.07083333333333333
2 0.20859375000000002 0.6354166666666666 0.08281250000000001 0.05
2 0.2890625 0.7395833333333334 0.037500000000000006 0.1125
2 0.12109375 0.75 0.0390625 0.1125
2 0.20468750000000002 0.85625 0.08750000000000001 0.05416666666666667
