0 0.1859375 0.7541666666666667 0.25625000000000003 0.3208333333333333
0 0.48515625 0.3375 0.19843750000000002 0.26666666666666666
0 0.84765625 0.3927083333333333 0.17343750000000002 0.22708333333333333
1 0.1859375 0.7583333333333333 0.065625 0.08333333333333333
1 0.50390625 0.31666666666666665 0.0484375 0.06666666666666667
1 0.8851562500000001 0.378125 0.035937500000000004 0.05625
2 0.096875 0.7520833333333333 0.046875 0.11666666666666667
2 0.1953125 0.640625 0.08750000000000001 0.04791666666666666
2 0.2734375 0.7510416666666666 0.040625 0.10625
2 0.18046875 0.8645833333333334 0.0921875 0.05416666666666667
2 0.45546875000000003 0.25104166666666666 0.060937500000000006 0.06041666666666667
2 0.5476562500000001 0.28854166666666664 0.0484375 0.08125
2 0.5320312500000001 0.40729166666666666 0.0578125 0.06041666666666667
2 0.43828125 0.37604166666666666 0.051562500000000004 0.08541666666666667
2 0.82578125 0.33229166666666665 0.035937500000000004 0.06041666666666667
2 0.89453125 0.33229166666666665 0.0421875 0.06041666666666667
2 0.9046875000000001 0.4395833333333333 0.034375 0.0625
2 0.8367187500000001 0.4427083333333333 0.045312500000000006 0.06458333333333333
