0 0.23750000000000002 0.29375 0.2 0.25416666666666665
0 0.51015625 0.19479166666666667 0.1859375 0.25625
0 0.77109375 0.5333333333333333 0.2015625 0.2583333333333333
0 0.43125 0.775 0.2 0.275
1 0.22109375 0.271875 0.0484375 0.06458333333333333
1 0.5109375 0.165625 0.046875 0.06041666666666667
1 0.42578125 0.7833333333333333 0.051562500000000004 0.07083333333333333
1 0.7859375000000001 0.5229166666666667 0.05 0.06666666666666667
2 0.16718750000000002 0.2947916666666667 0.03125 0.08125
2 0.22812500000000002 0.20208333333333334 0.065625 0.041666666666666664
2 0.29765625 0.2760416666666667 0.0328125 0.08125
2 0.23593750000000002 0.3677083333333333 0.065625 0.03958333333333333
2 0.4546875 0.14583333333333334 0.040625 0.075
2 0.540625 0.11145833333333333 0.059375000000000004 0.052083333333333336
2 0.56953125 0.21979166666666666 0.0421875 0.07708333333333334
2 0.48281250000000003 0.25729166666666664 0.059375000000000004 0.052083333333333336
2 0.3953125 0.696875 0.0625 0.06458333333333333
2 0.4890625 0.728125 0.046875 0.08541666666666667
2 0.46328125000000003 0.859375 0.06406250000000001 0.06458333333333333
2 0.36875 0.825 0.046875 0.0875
2 0.7625000000000001 0.440625 0.065625 0.04375
2 0.8406250000000001 0.5125 0.034375 0.0875
2 0.7890625 0.6135416666666667 0.065625 0.04375
2 0.7117187500000001 0.540625 0.0328125 0.08958333333333333
