0 0.34453125 0.35625 0.20468750000000002 0.275
0 0.5476562500000001 0.3572916666666667 0.2015625 0.26875
0 0.45625000000000004 0.5958333333333333 0.20625000000000002 0.2791666666666667
0 0.7718750000000001 0.596875 0.21250000000000002 0.27291666666666664
1 0.33906250000000004 0.3375 0.053125000000000006 0.06666666666666667
1 0.45625000000000004 0.590625 0.053125000000000006 0.06875
1 0.5546875 0.33541666666666664 0.053125000000000006 0.06666666666666667
1 0.79296875 0.5885416666666666 0.051562500000000004 0.06875
2 0.2765625 0.3302083333333333 0.037500000000000006 0.08958333333333333
2 0.36015625 0.26145833333333335 0.0703125 0.04791666666666666
2 0.4140625 0.3677083333333333 0.037500000000000006 0.08958333333333333
2 0.3296875 0.43854166666666666 0.07187500000000001 0.04791666666666666
2 0.49921875000000004 0.2864583333333333 0.0546875 0.07291666666666667
2 0.59765625 0.28229166666666666 0.0578125 0.06875
2 0.6039062500000001 0.41041666666666665 0.0546875 0.075
2 0.50390625 0.41562499999999997 0.0578125 0.06875
2 0.4453125 0.4979166666666667 0.07187500000000001 0.04583333333333333
2 0.52578125 0.5770833333333333 0.035937500000000004 0.09583333333333333
2 0.38359375 0.60625 0.035937500000000004 0.09583333333333333
2 0.46718750000000003 0.6864583333333333 0.07187500000000001 0.04791666666666666
2 0.7156250000000001 0.5552083333333333 0.040625 0.08958333333333333
2 0.8015625000000001 0.50625 0.065625 0.058333333333333334
2 0.84375 0.6260416666666666 0.040625 0.08958333333333333
2 0.7578125 0.6791666666666667 0.06875 0.058333333333333334
