0 0.34921875 0.28229166666666666 0.2265625 0.29791666666666666
0 0.546875 0.41770833333333335 0.22187500000000002 0.29375
0 0.5328125 0.7208333333333333 0.23125 0.3125
1 0.540625 0.7229166666666667 0.059375000000000004 0.07916666666666666
1 0.5546875 0.3989583333333333 0.05625 0.07291666666666667
1 0.34453125 0.253125 0.0578125 0.07291666666666667
2 0.30859375 0.18645833333333334 0.0703125 0.06875
2 0.415625 0.21875 0.053125000000000006 0.0875
2 0.38984375000000004 0.3541666666666667 0.0703125 0.07083333333333333
2 0.28203125 0.32395833333333335 0.0546875 0.08958333333333333
2 0.478125 0.37083333333333335 0.046875 0.09583333333333333
2 0.57734375 0.31666666666666665 0.0734375 0.0625
2 0.62109375 0.4479166666666667 0.045312500000000006 0.09583333333333333
2 0.52109375 0.5020833333333333 0.0765625 0.0625
2 0.46406250000000004 0.6770833333333334 0.05 0.10416666666666667
2 0.56796875 0.6208333333333333 0.0765625 0.06666666666666667
2 0.6117187500000001 0.7614583333333333 0.0484375 0.10625
2 0.50625 0.8208333333333333 0.078125 0.07083333333333333
