0 0.41250000000000003 0.2791666666666667 0.275 0.3625
0 0.74140625 0.5177083333333333 0.2828125 0.36041666666666666
1 0.40703125 0.25104166666666666 0.0703125 0.09375
1 0.7609375 0.509375 0.07187500000000001 0.09375
2 0.31953125000000004 0.23958333333333334 0.051562500000000004 0.12083333333333333
2 0.43359375 0.15208333333333332 0.0921875 0.06666666666666667
2 0.503125 0.29583333333333334 0.05 0.125
2 0.38828125 0.38645833333333335 0.09531250000000001 0.06875
2 0.6585937500000001 0.4635416666666667 0.0578125 0.11875
2 0.78125 0.39791666666666664 0.09375 0.07916666666666666
2 0.8367187500000001 0.5625 0.060937500000000006 0.12083333333333333
2 0.7117187500000001 0.63125 0.09531250000000001 0.07916666666666666
