0 0.384375 0.26145833333333335 0.209375 0.28125
0 0.8367187500000001 0.3489583333333333 0.21406250000000002 0.26458333333333334
0 0.6468750000000001 0.634375 0.215625 0.28541666666666665
0 0.28750000000000003 0.80625 0.23750000000000002 0.3125
1 0.27890625 0.8156249999999999 0.060937500000000006 0.08125
1 0.38203125000000004 0.23333333333333334 0.0546875 0.07083333333333333
1 0.86484375 0.328125 0.0484375 0.06458333333333333
1 0.6625000000000001 0.6302083333333334 0.053125000000000006 0.07291666666666667
2 0.31484375000000003 0.22604166666666667 0.0390625 0.09375
2 0.40156250000000004 0.1625 0.07187500000000001 0.05
2 0.45390625 0.2739583333333333 0.0390625 0.08958333333333333
2 0.36640625000000004 0.3375 0.0734375 0.05
2 0.28671875 0.7010416666666667 0.07968750000000001 0.04791666666666666
2 0.36640625000000004 0.8010416666666667 0.035937500000000004 0.10625
2 0.2859375 0.9166666666666666 0.08125 0.05
2 0.20546875 0.8135416666666666 0.035937500000000004 0.11041666666666666
2 0.63203125 0.5395833333333333 0.0703125 0.05416666666666667
2 0.7210937500000001 0.60625 0.0421875 0.09583333333333333
2 0.675 0.7260416666666667 0.07187500000000001 0.05625
2 0.5859375 0.659375 0.040625 0.09791666666666667
2 0.821875 0.2552083333333333 0.0625 0.04791666666666666
2 0.9085937500000001 0.31145833333333334 0.0421875 0.08541666666666667
2 0.78828125 0.36875 0.0421875 0.0875
2 0.8757812500000001 0.4239583333333333 0.06406250000000001 0.052083333333333336
