0 0.22421875000000002 0.44166666666666665 0.2921875 0.37083333333333335
0 0.79453125 0.42916666666666664 0.2859375 0.35833333333333334
1 0.203125 0.4239583333333333 0.07500000000000001 0.09375
1 0.8226562500000001 0.4114583333333333 0.0703125 0.09375
2 0.13671875 0.3645833333333333 0.0734375 0.1125
2 0.27421875 0.32708333333333334 0.0859375 0.0875
2 0.30078125 0.5041666666666667 0.0703125 0.11666666666666667
2 0.16171875000000002 0.54375 0.0890625 0.09166666666666666
2 0.7445312500000001 0.3208333333333333 0.07968750000000001 0.09166666666666666
2 0.87890625 0.3458333333333333 0.0703125 0.10416666666666667
2 0.8656250000000001 0.5239583333333333 0.08125 0.09375
2 0.7296875 0.4979166666666667 0.07187500000000001 0.1125
