0 0.18359375 0.53125 0.2234375 0.2791666666666667
0 0.5789062500000001 0.21458333333333332 0.19843750000000002 0.26666666666666666
0 0.69453125 0.421875 0.2078125 0.26875
0 0.6078125000000001 0.6666666666666666 0.209375 0.2791666666666667
1 0.1625 0.51875 0.053125000000000006 0.07083333333333333
1 0.6156250000000001 0.6635416666666667 0.053125000000000006 0.07291666666666667
1 0.70859375 0.40520833333333334 0.051562500000000004 0.06875
1 0.5859375 0.18125 0.05 0.0625
2 0.12187500000000001 0.46249999999999997 0.059375000000000004 0.07916666666666666
2 0.22734375 0.45208333333333334 0.060937500000000006 0.07083333333333333
2 0.23046875 0.5875 0.0578125 0.08333333333333333
2 0.12421875 0.5989583333333334 0.060937500000000006 0.07291666666666667
2 0.55234375 0.7260416666666667 0.0546875 0.08541666666666667
2 0.65625 0.740625 0.0625 0.07708333333333334
2 0.6664062500000001 0.6010416666666667 0.0546875 0.08125
2 0.5632812500000001 0.5854166666666667 0.060937500000000006 0.07083333333333333
2 0.6414062500000001 0.3645833333333333 0.0484375 0.07916666666666666
2 0.7375 0.340625 0.0625 0.06458333333333333
2 0.6625000000000001 0.49166666666666664 0.0625 0.06666666666666667
2 0.7601562500000001 0.46770833333333334 0.0484375 0.08125
2 0.515625 0.18645833333333334 0.034375 0.08541666666666667
2 0.571875 0.284375 0.06875 0.04375
2 0.6484375 0.21458333333333332 0.034375 0.0875
2 0.5921875 0.11770833333333333 0.065625 0.04375
