0 0.52265625 0.178125 0.19843750000000002 0.27291666666666664
0 0.43515625 0.40729166666666666 0.20468750000000002 0.27291666666666664
0 0.63984375 0.38958333333333334 0.20468750000000002 0.2708333333333333
0 0.32421875 0.6458333333333334 0.2171875 0.2833333333333333
1 0.31328125 0.64375 0.0546875 0.075
1 0.43125 0.390625 0.053125000000000006 0.06875
1 0.52734375 0.14479166666666665 0.051562500000000004 0.06458333333333333
1 0.6484375 0.3729166666666667 0.053125000000000006 0.06666666666666667
2 0.32421875 0.5447916666666667 0.0734375 0.04375
2 0.39296875000000003 0.64375 0.035937500000000004 0.1
2 0.31640625 0.7416666666666667 0.0765625 0.04583333333333333
2 0.24609375 0.640625 0.035937500000000004 0.09791666666666667
2 0.39609375 0.321875 0.06406250000000001 0.06458333333333333
2 0.371875 0.4510416666666667 0.05 0.08541666666666667
2 0.47187500000000004 0.48020833333333335 0.065625 0.06458333333333333
2 0.49531250000000004 0.3520833333333333 0.05 0.08333333333333333
2 0.4578125 0.15 0.034375 0.0875
2 0.5359375000000001 0.07916666666666666 0.06875 0.04583333333333333
2 0.5921875 0.17708333333333334 0.034375 0.0875
2 0.51484375 0.24895833333333334 0.0703125 0.04375
2 0.6796875 0.3072916666666667 0.0625 0.06458333333333333
2 0.5828125000000001 0.33229166666666665 0.05 0.08125
2 0.6039062500000001 0.46041666666666664 0.06406250000000001 0.06666666666666667
2 0.70234375 0.4354166666666667 0.0484375 0.08333333333333333
