0 0.52265625 0.184375 0.22031250000000002 0.3020833333333333
0 0.47109375000000003 0.7177083333333333 0.1953125 0.26458333333333334
1 0.4703125 0.7177083333333333 0.05 0.06875
1 0.5242187500000001 0.13958333333333334 0.0578125 0.07083333333333333
2 0.45390625 0.12395833333333334 0.0484375 0.08541666666666667
2 0.55703125 0.08229166666666667 0.0703125 0.06041666666666667
2 0.59296875 0.20729166666666665 0.0484375 0.08958333333333333
2 0.4890625 0.24895833333333334 0.07187500000000001 0.06041666666666667
2 0.43203125000000003 0.6427083333333333 0.0578125 0.06458333333333333
2 0.52578125 0.6635416666666667 0.0484375 0.08125
2 0.51015625 0.7916666666666666 0.060937500000000006 0.06666666666666667
2 0.4140625 0.7708333333333334 0.05 0.08333333333333333
