0 0.46328125000000003 0.6447916666666667 0.23593750000000002 0.31875
0 0.51953125 0.29270833333333335 0.3015625 0.40625
1 0.46171875 0.6510416666666666 0.060937500000000006 0.08125
1 0.52109375 0.2635416666666667 0.07968750000000001 0.10625
2 0.42500000000000004 0.21979166666666666 0.06875 0.12708333333333333
2 0.56796875 0.16145833333333334 0.09843750000000001 0.08958333333333333
2 0.61640625 0.3458333333333333 0.0671875 0.12916666666666665
2 0.47187500000000004 0.40625 0.1 0.09583333333333333
2 0.39765625000000004 0.5760416666666667 0.060937500000000006 0.09375
2 0.51484375 0.5583333333333333 0.0703125 0.08333333333333333
2 0.52890625 0.7125 0.060937500000000006 0.09583333333333333
2 0.41015625 0.7322916666666667 0.0703125 0.08125
