0 0.31093750000000003 0.5625 0.278125 0.3833333333333333
0 0.51328125 0.5583333333333333 0.2609375 0.3625
1 0.24609375 0.5635416666666666 0.0578125 0.09791666666666667
1 0.5078125 0.5614583333333333 0.06875 0.09375
2 0.22109375 0.46979166666666666 0.060937500000000006 0.10625
2 0.22265625 0.6572916666666666 0.060937500000000006 0.10625
2 0.3359375 0.46249999999999997 0.06875 0.10833333333333334
2 0.33828125000000003 0.6614583333333334 0.0703125 0.11041666666666666
2 0.484375 0.4375 0.09375 0.06666666666666667
2 0.6000000000000001 0.5260416666666666 0.053125000000000006 0.12291666666666666
2 0.5328125 0.6802083333333333 0.09375 0.06875
