0 0.353125 0.334375 0.23125 0.3020833333333333
0 0.3375 0.725 0.240625 0.3208333333333333
0 0.6734375 0.5208333333333334 0.22812500000000002 0.29583333333333334
1 0.32734375000000004 0.73125 0.060937500000000006 0.08333333333333333
1 0.3453125 0.3145833333333333 0.059375000000000004 0.075
1 0.6898437500000001 0.5145833333333333 0.0578125 0.07916666666666666
2 0.30859375 0.23854166666666665 0.0734375 0.06875
2 0.41875 0.2739583333333333 0.053125000000000006 0.08958333333333333
2 0.3921875 0.4145833333333333 0.07187500000000001 0.07083333333333333
2 0.28125 0.3802083333333333 0.05625 0.09375
2 0.27734375 0.646875 0.0671875 0.08958333333333333
2 0.39453125 0.6458333333333334 0.0671875 0.0875
2 0.39296875000000003 0.803125 0.0671875 0.08958333333333333
2 0.27421875 0.80625 0.0671875 0.09166666666666666
2 0.62421875 0.44166666666666665 0.060937500000000006 0.07916666666666666
2 0.7359375 0.4458333333333333 0.0625 0.08333333333333333
2 0.62421875 0.5916666666666667 0.06406250000000001 0.0875
2 0.7359375 0.59375 0.0625 0.08333333333333333
