0 0.2015625 0.46979166666666666 0.203125 0.2604166666666667
0 0.39375000000000004 0.4395833333333333 0.19375 0.2625
0 0.58828125 0.4479166666666667 0.1953125 0.2583333333333333
0 0.78515625 0.4395833333333333 0.2015625 0.2583333333333333
1 0.18281250000000002 0.4583333333333333 0.05 0.06666666666666667
1 0.3875 0.42916666666666664 0.05 0.06666666666666667
1 0.59375 0.43645833333333334 0.05 0.06458333333333333
1 0.7984375 0.42916666666666664 0.05 0.06666666666666667
2 0.1453125 0.40520833333333334 0.053125000000000006 0.07291666666666667
2 0.24296875 0.39791666666666664 0.0546875 0.06666666666666667
2 0.24531250000000002 0.525 0.053125000000000006 0.075
2 0.14921875 0.5322916666666666 0.0546875 0.06875
2 0.35625 0.3614583333333333 0.059375000000000004 0.06041666666666667
2 0.44843750000000004 0.38645833333333335 0.046875 0.07708333333333334
2 0.33437500000000003 0.48333333333333334 0.046875 0.07916666666666666
2 0.42812500000000003 0.509375 0.059375000000000004 0.06458333333333333
2 0.5242187500000001 0.4322916666666667 0.0328125 0.08958333333333333
2 0.59765625 0.35520833333333335 0.0671875 0.04375
2 0.6570312500000001 0.4510416666666667 0.0328125 0.08958333333333333
2 0.58359375 0.5291666666666667 0.0671875 0.041666666666666664
2 0.73046875 0.3875 0.045312500000000006 0.07916666666666666
2 0.8226562500000001 0.36041666666666666 0.060937500000000006 0.0625
2 0.846875 0.484375 0.046875 0.08125
2 0.75390625 0.5104166666666666 0.060937500000000006 0.0625
