0 0.6375000000000001 0.32916666666666666 0.25 0.32916666666666666
0 0.6046875 0.6708333333333333 0.259375 0.3458333333333333
1 0.6179687500000001 0.6677083333333333 0.0671875 0.08958333333333333
1 0.6531250000000001 0.303125 0.0625 0.08125
2 0.5242187500000001 0.634375 0.0484375 0.11875
2 0.6328125 0.553125 0.08750000000000001 0.06458333333333333
2 0.6960937500000001 0.7 0.0484375 0.12083333333333333
2 0.5875 0.7833333333333333 0.09062500000000001 0.07083333333333333
2 0.68671875 0.22604166666666667 0.0765625 0.07708333333333334
2 0.5703125 0.259375 0.059375000000000004 0.09791666666666667
2 0.6000000000000001 0.4125 0.078125 0.07916666666666666
2 0.71875 0.378125 0.05625 0.09791666666666667
