0 0.584375 0.253125 0.25 0.33541666666666664
0 0.8234375 0.7114583333333333 0.265625 0.33958333333333335
1 0.8523437500000001 0.7229166666666667 0.06406250000000001 0.0875
1 0.5921875 0.23020833333333332 0.065625 0.08541666666666667
2 0.503125 0.22291666666666665 0.043750000000000004 0.1125
2 0.6039062500000001 0.134375 0.0859375 0.06041666666666667
2 0.671875 0.26875 0.043750000000000004 0.11666666666666667
2 0.5703125 0.35625 0.08750000000000001 0.058333333333333334
2 0.80234375 0.60625 0.08281250000000001 0.06666666666666667
2 0.7523437500000001 0.75625 0.051562500000000004 0.1125
2 0.91328125 0.675 0.051562500000000004 0.1125
2 0.8640625000000001 0.825 0.084375 0.07083333333333333
