0 0.60078125 0.490625 0.2171875 0.2895833333333333
0 0.42031250000000003 0.6552083333333333 0.22187500000000002 0.29791666666666666
1 0.415625 0.65625 0.059375000000000004 0.07916666666666666
1 0.6078125000000001 0.48333333333333334 0.05625 0.075
2 0.37265625 0.5708333333333333 0.0671875 0.075
2 0.48125 0.5916666666666667 0.05625 0.0875
2 0.46640625 0.7364583333333333 0.0671875 0.07708333333333334
2 0.35625 0.7177083333333333 0.05625 0.08958333333333333
2 0.54453125 0.42291666666666666 0.0546875 0.08333333333333333
2 0.6507812500000001 0.4083333333333333 0.06406250000000001 0.075
2 0.66328125 0.5489583333333333 0.0546875 0.08541666666666667
2 0.55625 0.5645833333333333 0.065625 0.075
