0 0.51328125 0.29791666666666666 0.24531250000000002 0.32916666666666666
0 0.46718750000000003 0.6729166666666666 0.25 0.3416666666666667
0 0.69921875 0.5260416666666666 0.2421875 0.3229166666666667
1 0.46640625 0.6791666666666667 0.0671875 0.09166666666666666
1 0.7093750000000001 0.5208333333333334 0.0625 0.0875
1 0.515625 0.2739583333333333 0.06875 0.08541666666666667
2 0.44765625000000003 0.21875 0.06406250000000001 0.09583333333333333
2 0.5671875000000001 0.203125 0.07187500000000001 0.08541666666666667
2 0.58125 0.3614583333333333 0.065625 0.09791666666666667
2 0.45937500000000003 0.378125 0.07500000000000001 0.08541666666666667
2 0.4375 0.565625 0.084375 0.06875
2 0.55 0.63125 0.053125000000000006 0.1125
2 0.38671875 0.7166666666666667 0.051562500000000004 0.1125
2 0.49843750000000003 0.78125 0.084375 0.07083333333333333
2 0.7351562500000001 0.42083333333333334 0.07968750000000001 0.07083333333333333
2 0.6218750000000001 0.4739583333333333 0.053125000000000006 0.10625
2 0.77734375 0.5708333333333333 0.0546875 0.10833333333333334
2 0.6640625 0.6270833333333333 0.08125 0.075
