0 0.1234375 0.5208333333333334 0.21875 0.2625
0 0.49921875000000004 0.22083333333333333 0.18281250000000002 0.25
0 0.52890625 0.6385416666666667 0.19843750000000002 0.26458333333333334
0 0.89375 0.4354166666666667 0.209375 0.2583333333333333
1 0.09921875000000001 0.50625 0.0546875 0.06666666666666667
1 0.5320312500000001 0.63125 0.051562500000000004 0.06666666666666667
1 0.5015625 0.18645833333333334 0.046875 0.05625
1 0.92109375 0.4166666666666667 0.0484375 0.0625
2 0.06484375 0.45729166666666665 0.0578125 0.07708333333333334
2 0.16484375 0.4458333333333333 0.0546875 0.06666666666666667
2 0.16640625 0.5729166666666666 0.0546875 0.07916666666666666
2 0.06406250000000001 0.5864583333333333 0.059375000000000004 0.06875
2 0.47500000000000003 0.6958333333333333 0.053125000000000006 0.07916666666666666
2 0.5750000000000001 0.7072916666666667 0.059375000000000004 0.07291666666666667
2 0.58359375 0.5760416666666667 0.051562500000000004 0.07708333333333334
2 0.48515625 0.5635416666666666 0.0578125 0.06875
2 0.4375 0.19270833333333334 0.03125 0.07708333333333334
2 0.509375 0.12916666666666665 0.0625 0.0375
2 0.5625 0.21666666666666667 0.03125 0.07916666666666666
2 0.4921875 0.28229166666666666 0.065625 0.03958333333333333
2 0.8515625 0.371875 0.046875 0.06875
2 0.94296875 0.36354166666666665 0.0578125 0.06458333333333333
2 0.96015625 0.48333333333333334 0.0484375 0.07083333333333333
2 0.8671875 0.49166666666666664 0.059375000000000004 0.06666666666666667
