0 0.20468750000000002 0.3 0.20625000000000002 0.2583333333333333
0 0.19140625 0.678125 0.2171875 0.27291666666666664
0 0.49453125000000003 0.6385416666666667 0.1953125 0.26458333333333334
0 0.8210937500000001 0.5697916666666667 0.2109375 0.25625
1 0.171875 0.6833333333333333 0.053125000000000006 0.07083333333333333
1 0.49609375 0.6385416666666667 0.051562500000000004 0.06875
1 0.84375 0.565625 0.05 0.06458333333333333
1 0.1875 0.27708333333333335 0.05 0.0625
2 0.13359375 0.31875 0.0390625 0.08333333333333333
2 0.21953125 0.3697916666666667 0.0671875 0.052083333333333336
2 0.2625 0.2604166666666667 0.037500000000000006 0.08333333333333333
2 0.178125 0.209375 0.065625 0.052083333333333336
2 0.1234375 0.6354166666666666 0.05 0.08333333333333333
2 0.22109375 0.596875 0.06406250000000001 0.06041666666666667
2 0.24453125 0.725 0.0484375 0.0875
2 0.43281250000000004 0.6 0.043750000000000004 0.0875
2 0.5242187500000001 0.553125 0.06406250000000001 0.05625
2 0.55859375 0.6739583333333333 0.0421875 0.08958333333333333
2 0.46718750000000003 0.7229166666666667 0.065625 0.058333333333333334
2 0.14609375 0.7635416666666667 0.06406250000000001 0.06458333333333333
2 0.784375 0.6333333333333333 0.05625 0.07083333333333333
2 0.7781250000000001 0.5041666666666667 0.05 0.07083333333333333
2 0.875 0.5010416666666666 0.05625 0.06875
2 0.88203125 0.63125 0.051562500000000004 0.075
