0 0.375 0.22604166666666667 0.21250000000000002 0.28541666666666665
0 0.22265625 0.6947916666666667 0.23593750000000002 0.29791666666666666
0 0.8421875000000001 0.2875 0.22187500000000002 0.275
0 0.70078125 0.6489583333333333 0.2234375 0.2895833333333333
1 0.20625000000000002 0.6989583333333333 0.059375000000000004 0.07708333333333334
1 0.71640625 0.65 0.0546875 0.075
1 0.8695312500000001 0.265625 0.051562500000000004 0.06875
1 0.36953125000000003 0.2 0.0546875 0.07083333333333333
2 0.30390625000000004 0.196875 0.0390625 0.09375
2 0.38906250000000003 0.12604166666666666 0.07187500000000001 0.052083333333333336
2 0.4453125 0.23645833333333333 0.037500000000000006 0.09375
2 0.35859375000000004 0.30833333333333335 0.0734375 0.05
2 0.19765625 0.5979166666666667 0.0765625 0.058333333333333334
2 0.2921875 0.6614583333333334 0.043750000000000004 0.10208333333333333
2 0.2390625 0.7927083333333333 0.078125 0.06041666666666667
2 0.14296875 0.7270833333333333 0.045312500000000006 0.10416666666666667
2 0.65390625 0.5739583333333333 0.0578125 0.07708333333333334
2 0.7578125 0.5770833333333333 0.059375000000000004 0.07916666666666666
2 0.7578125 0.7197916666666666 0.0625 0.08125
2 0.6531250000000001 0.7177083333333333 0.059375000000000004 0.08125
2 0.790625 0.3125 0.043750000000000004 0.09166666666666666
2 0.8250000000000001 0.19375 0.065625 0.05416666666666667
2 0.9164062500000001 0.24583333333333332 0.045312500000000006 0.0875
2 0.8828125 0.36354166666666665 0.065625 0.05625
