0 0.5 0.22916666666666666 0.19375 0.2625
0 0.8523437500000001 0.35104166666666664 0.2109375 0.26458333333333334
0 0.40937500000000004 0.45416666666666666 0.203125 0.2708333333333333
0 0.30078125 0.6885416666666666 0.2171875 0.27708333333333335
1 0.28828125 0.6864583333333333 0.0546875 0.07291666666666667
1 0.40546875000000004 0.43854166666666666 0.051562500000000004 0.06875
1 0.5015625 0.19791666666666666 0.05 0.0625
1 0.8765625 0.33229166666666665 0.05 0.06458333333333333
2 0.22265625 0.6833333333333333 0.035937500000000004 0.1
2 0.30000000000000004 0.5885416666666666 0.07187500000000001 0.04375
2 0.36796875 0.6875 0.035937500000000004 0.09583333333333333
2 0.290625 0.7833333333333333 0.07500000000000001 0.04583333333333333
2 0.37265625 0.36875 0.06406250000000001 0.0625
2 0.46875 0.3989583333333333 0.05 0.08125
2 0.34765625 0.49583333333333335 0.0484375 0.08333333333333333
2 0.44609375 0.5239583333333333 0.06406250000000001 0.06458333333333333
2 0.434375 0.20416666666666666 0.034375 0.0875
2 0.51015625 0.13229166666666667 0.0671875 0.04375
2 0.56640625 0.228125 0.0328125 0.08541666666666667
2 0.4921875 0.2989583333333333 0.06875 0.04375
2 0.8046875 0.29270833333333335 0.046875 0.07708333333333334
2 0.8968750000000001 0.27291666666666664 0.059375000000000004 0.0625
2 0.91953125 0.3958333333333333 0.0484375 0.07916666666666666
2 0.82578125 0.41562499999999997 0.060937500000000006 0.06458333333333333
