0 0.246875 0.30833333333333335 0.27187500000000003 0.35
0 0.8226562500000001 0.54375 0.2609375 0.32916666666666666
0 0.23671875 0.7135416666666666 0.27968750000000003 0.36041666666666666
1 0.23125 0.2875 0.06875 0.09166666666666666
1 0.21953125 0.725 0.0734375 0.09583333333333333
1 0.85078125 0.5416666666666666 0.06406250000000001 0.0875
2 0.1640625 0.23645833333333333 0.065625 0.11041666666666666
2 0.29140625000000003 0.19895833333333332 0.08281250000000001 0.08125
2 0.3203125 0.365625 0.065625 0.11041666666666666
2 0.1921875 0.4041666666666667 0.084375 0.0875
2 0.18906250000000002 0.6072916666666667 0.08750000000000001 0.08125
2 0.31562500000000004 0.6541666666666667 0.0625 0.1125
2 0.2765625 0.8239583333333333 0.08750000000000001 0.08541666666666667
2 0.146875 0.7770833333333333 0.0625 0.11666666666666667
2 0.74921875 0.5145833333333333 0.045312500000000006 0.11666666666666667
2 0.8500000000000001 0.4302083333333333 0.084375 0.06041666666666667
2 0.915625 0.5677083333333334 0.046875 0.11875
2 0.815625 0.6541666666666667 0.084375 0.0625
