0 0.265625 0.19270833333333334 0.275 0.36041666666666666
0 0.2390625 0.7604166666666666 0.29375 0.37916666666666665
1 0.25078125 0.15729166666666666 0.0703125 0.08958333333333333
1 0.22109375 0.7697916666666667 0.0765625 0.10208333333333333
2 0.27890625 0.06145833333333333 0.0921875 0.06041666666666667
2 0.16953125000000002 0.15729166666666666 0.0484375 0.11875
2 0.35390625000000003 0.2 0.0484375 0.12083333333333333
2 0.246875 0.29583333333333334 0.09375 0.058333333333333334
2 0.2015625 0.640625 0.096875 0.07708333333333334
2 0.32734375000000004 0.7114583333333333 0.060937500000000006 0.12708333333333333
2 0.13828125 0.8125 0.0578125 0.12916666666666665
2 0.26875 0.8833333333333333 0.096875 0.07916666666666666
