0 0.28203125 0.6302083333333334 0.2484375 0.3229166666666667
0 0.74609375 0.203125 0.2484375 0.3229166666666667
0 0.73203125 0.68125 0.2578125 0.3333333333333333
1 0.26406250000000003 0.6322916666666667 0.0625 0.08958333333333333
1 0.7468750000000001 0.6864583333333333 0.065625 0.08958333333333333
1 0.7609375 0.17083333333333334 0.0625 0.07916666666666666
2 0.19843750000000002 0.6697916666666667 0.05 0.11041666666666666
2 0.2484375 0.5270833333333333 0.08125 0.06666666666666667
2 0.35468750000000004 0.590625 0.05 0.11041666666666666
2 0.30546875 0.7354166666666666 0.08281250000000001 0.07083333333333333
2 0.6546875000000001 0.6427083333333333 0.05 0.11041666666666666
2 0.7625000000000001 0.5729166666666666 0.084375 0.06666666666666667
2 0.8171875000000001 0.7197916666666666 0.05 0.11458333333333333
2 0.70703125 0.7895833333333333 0.0859375 0.07083333333333333
2 0.6953125 0.10625 0.06875 0.07916666666666666
2 0.8140625 0.11875 0.065625 0.09166666666666666
2 0.68671875 0.2604166666666667 0.06406250000000001 0.09166666666666666
2 0.8070312500000001 0.27291666666666664 0.0703125 0.08333333333333333
