0 0.39453125 0.44687499999999997 0.29531250000000003 0.39375
0 0.690625 0.4479166666666667 0.296875 0.3875
1 0.38906250000000003 0.43645833333333334 0.078125 0.10625
1 0.71015625 0.4395833333333333 0.0734375 0.1
2 0.3359375 0.328125 0.09375 0.09791666666666667
2 0.30703125000000003 0.5208333333333334 0.0765625 0.125
2 0.4546875 0.55625 0.09375 0.1
2 0.48125 0.3645833333333333 0.07500000000000001 0.12083333333333333
2 0.60546875 0.3885416666666667 0.06406250000000001 0.12708333333333333
2 0.7375 0.325 0.096875 0.08333333333333333
2 0.7890625 0.5041666666666667 0.0625 0.12916666666666665
2 0.6546875000000001 0.5677083333333334 0.096875 0.08541666666666667
