0 0.3328125 0.509375 0.25625000000000003 0.33541666666666664
0 0.52265625 0.2947916666666667 0.24531250000000002 0.33125
0 0.571875 0.6166666666666667 0.25 0.3333333333333333
1 0.321875 0.5020833333333333 0.06875 0.09166666666666666
1 0.5789062500000001 0.6166666666666667 0.06406250000000001 0.0875
1 0.52734375 0.26979166666666665 0.06406250000000001 0.08541666666666667
2 0.24296875 0.48854166666666665 0.045312500000000006 0.11875
2 0.3453125 0.390625 0.08750000000000001 0.05625
2 0.41718750000000004 0.5208333333333334 0.043750000000000004 0.11666666666666667
2 0.31640625 0.61875 0.0890625 0.058333333333333334
2 0.44140625 0.2625 0.045312500000000006 0.1125
2 0.540625 0.178125 0.084375 0.06041666666666667
2 0.6062500000000001 0.30833333333333335 0.043750000000000004 0.10833333333333334
2 0.50546875 0.3927083333333333 0.0859375 0.05625
2 0.5085937500000001 0.5364583333333334 0.0671875 0.09375
2 0.6328125 0.5270833333333333 0.07187500000000001 0.0875
2 0.6390625000000001 0.6927083333333334 0.06875 0.09791666666666667
2 0.51484375 0.7041666666666666 0.0734375 0.09166666666666666
