0 0.2171875 0.2864583333333333 0.246875 0.3145833333333333
0 0.70703125 0.2760416666666667 0.22968750000000002 0.29791666666666666
0 0.5640625 0.7083333333333334 0.240625 0.3208333333333333
1 0.19921875 0.25729166666666664 0.06406250000000001 0.07708333333333334
1 0.72578125 0.24895833333333334 0.0578125 0.07291666666666667
1 0.57265625 0.7114583333333333 0.06406250000000001 0.08541666666666667
2 0.15546875000000002 0.196875 0.0703125 0.08541666666666667
2 0.27421875 0.203125 0.06406250000000001 0.08541666666666667
2 0.2671875 0.3520833333333333 0.06875 0.08333333333333333
2 0.146875 0.34791666666666665 0.065625 0.0875
2 0.6390625000000001 0.2760416666666667 0.037500000000000006 0.10208333333333333
2 0.70234375 0.165625 0.0734375 0.04375
2 0.78828125 0.25625 0.0390625 0.1
2 0.72578125 0.3645833333333333 0.0765625 0.05
2 0.6046875 0.609375 0.07500000000000001 0.07291666666666667
2 0.49296875 0.65625 0.0546875 0.10416666666666667
2 0.53046875 0.809375 0.07968750000000001 0.07708333333333334
2 0.6421875 0.759375 0.053125000000000006 0.10625
