0 0.15390625000000002 0.4895833333333333 0.20468750000000002 0.25
0 0.33984375 0.45729166666666665 0.18906250000000002 0.2520833333333333
0 0.5281250000000001 0.4583333333333333 0.184375 0.25
0 0.9070312500000001 0.45625 0.1859375 0.25
1 0.1328125 0.48125 0.05 0.0625
1 0.33203125 0.44479166666666664 0.0484375 0.06458333333333333
1 0.53046875 0.44375 0.0484375 0.0625
1 0.9460937500000001 0.4427083333333333 0.0484375 0.06458333333333333
2 0.09843750000000001 0.43124999999999997 0.053125000000000006 0.07083333333333333
2 0.1921875 0.421875 0.053125000000000006 0.06458333333333333
2 0.09921875000000001 0.5541666666666667 0.0546875 0.06666666666666667
2 0.19609375 0.5427083333333333 0.051562500000000004 0.07291666666666667
2 0.30234375 0.38125 0.0578125 0.058333333333333334
2 0.3921875 0.403125 0.046875 0.07291666666666667
2 0.28203125 0.5 0.045312500000000006 0.075
2 0.37265625 0.521875 0.0578125 0.06041666666666667
2 0.46484375 0.44479166666666664 0.029687500000000002 0.08541666666666667
2 0.53515625 0.3677083333333333 0.06406250000000001 0.03958333333333333
2 0.59296875 0.45729166666666665 0.029687500000000002 0.08541666666666667
2 0.525 0.5354166666666667 0.065625 0.041666666666666664
2 0.88046875 0.39166666666666666 0.0484375 0.06666666666666667
2 0.97265625 0.38958333333333334 0.0546875 0.06666666666666667
2 0.978125 0.5104166666666666 0.043750000000000004 0.07083333333333333
2 0.88828125 0.5125 0.0546875 0.06666666666666667
