0 0.28359375000000003 0.39166666666666666 0.2171875 0.2791666666666667
0 0.34921875 0.6822916666666666 0.22031250000000002 0.2895833333333333
0 0.70234375 0.55625 0.21406250000000002 0.275
0 0.89765625 0.29583333333333334 0.20468750000000002 0.26666666666666666
1 0.27265625 0.37604166666666666 0.0546875 0.07291666666666667
1 0.34218750000000003 0.6864583333333333 0.05625 0.07708333333333334
1 0.7171875000000001 0.55 0.053125000000000006 0.07083333333333333
1 0.93671875 0.27291666666666664 0.0484375 0.06666666666666667
2 0.21484375 0.3385416666666667 0.051562500000000004 0.08958333333333333
2 0.31796875 0.30104166666666665 0.0671875 0.06458333333333333
2 0.34453125 0.43124999999999997 0.0484375 0.0875
2 0.24296875 0.46979166666666666 0.0703125 0.06458333333333333
2 0.3515625 0.5833333333333334 0.07500000000000001 0.04583333333333333
2 0.42265625 0.6854166666666667 0.035937500000000004 0.1
2 0.27109375 0.6791666666666667 0.035937500000000004 0.10416666666666667
2 0.34296875000000004 0.7833333333333333 0.0765625 0.04583333333333333
2 0.69140625 0.4614583333333333 0.0703125 0.04791666666666666
2 0.7742187500000001 0.534375 0.0390625 0.09375
2 0.63984375 0.571875 0.0390625 0.09791666666666667
2 0.72265625 0.6458333333333334 0.0703125 0.05
2 0.8562500000000001 0.30833333333333335 0.037500000000000006 0.0875
2 0.89609375 0.20104166666666667 0.06406250000000001 0.04791666666666666
2 0.98046875 0.26458333333333334 0.0390625 0.0875
2 0.9398437500000001 0.37083333333333335 0.06406250000000001 0.05
