0 0.265625 0.196875 0.215625 0.26875
0 0.2609375 0.475 0.225 0.2875
0 0.6179687500000001 0.6541666666666667 0.21406250000000002 0.2833333333333333
0 0.81015625 0.3614583333333333 0.21406250000000002 0.26875
1 0.25390625 0.16875 0.0546875 0.06666666666666667
1 0.24921875000000002 0.4614583333333333 0.0578125 0.07291666666666667
1 0.62890625 0.6541666666666667 0.0546875 0.075
1 0.8343750000000001 0.3416666666666667 0.05 0.06666666666666667
2 0.2234375 0.109375 0.065625 0.06458333333333333
2 0.32343750000000004 0.14166666666666666 0.05 0.07916666666666666
2 0.29921875000000003 0.265625 0.0671875 0.06458333333333333
2 0.19687500000000002 0.234375 0.05 0.08541666666666667
2 0.265625 0.3729166666666667 0.07500000000000001 0.04583333333333333
2 0.33203125 0.475 0.035937500000000004 0.1
2 0.24921875000000002 0.5645833333333333 0.0765625 0.04583333333333333
2 0.18203125 0.46041666666666664 0.0390625 0.1
2 0.6000000000000001 0.5625 0.07187500000000001 0.05416666666666667
2 0.6898437500000001 0.6270833333333333 0.0421875 0.09583333333333333
2 0.6453125000000001 0.7479166666666667 0.07187500000000001 0.05416666666666667
2 0.55390625 0.6833333333333333 0.0421875 0.1
2 0.7585937500000001 0.384375 0.0421875 0.08958333333333333
2 0.84765625 0.43645833333333334 0.06406250000000001 0.05625
2 0.8812500000000001 0.321875 0.043750000000000004 0.08541666666666667
2 0.7921875 0.26979166666666665 0.0625 0.052083333333333336
