0 0.2109375 0.603125 0.259375 0.32708333333333334
0 0.60703125 0.6697916666666667 0.2390625 0.3229166666666667
0 0.76484375 0.24166666666666667 0.2328125 0.30416666666666664
1 0.1921875 0.5979166666666667 0.06875 0.0875
1 0.6179687500000001 0.66875 0.06406250000000001 0.0875
1 0.78671875 0.2125 0.0578125 0.075
2 0.13359375 0.5354166666666667 0.0671875 0.1
2 0.2578125 0.5052083333333334 0.07500000000000001 0.08125
2 0.27578125000000003 0.6645833333333333 0.06406250000000001 0.10416666666666667
2 0.15156250000000002 0.696875 0.078125 0.08541666666666667
2 0.53828125 0.6114583333333333 0.0546875 0.10208333333333333
2 0.6515625 0.5697916666666667 0.07500000000000001 0.07291666666666667
2 0.68359375 0.7229166666666667 0.0546875 0.10416666666666667
2 0.5703125 0.765625 0.078125 0.07708333333333334
2 0.6960937500000001 0.23541666666666666 0.035937500000000004 0.10416666666666667
2 0.7640625000000001 0.128125 0.07500000000000001 0.04375
2 0.8484375000000001 0.22395833333333334 0.037500000000000006 0.10208333333333333
2 0.78046875 0.3302083333333333 0.0765625 0.04791666666666666
