0 0.23750000000000002 0.278125 0.203125 0.2604166666666667
0 0.5750000000000001 0.2375 0.19062500000000002 0.25416666666666665
0 0.8546875 0.5604166666666667 0.215625 0.2583333333333333
0 0.22265625 0.659375 0.21406250000000002 0.26875
1 0.20468750000000002 0.6604166666666667 0.053125000000000006 0.07083333333333333
1 0.22265625 0.2552083333333333 0.0484375 0.06458333333333333
1 0.58046875 0.2125 0.0484375 0.0625
1 0.8796875000000001 0.5572916666666666 0.05 0.06875
2 0.15546875000000002 0.6125 0.0484375 0.08333333333333333
2 0.253125 0.5770833333333333 0.0625 0.0625
2 0.27578125000000003 0.70625 0.0484375 0.0875
2 0.17734375000000002 0.7427083333333333 0.06406250000000001 0.06458333333333333
2 0.16796875 0.296875 0.0390625 0.08541666666666667
2 0.25234375000000003 0.35 0.0671875 0.05
2 0.29609375 0.24166666666666667 0.0390625 0.08333333333333333
2 0.21406250000000002 0.1875 0.065625 0.05
2 0.51171875 0.22395833333333334 0.029687500000000002 0.08541666666666667
2 0.5796875 0.14375 0.065625 0.0375
2 0.64375 0.23333333333333334 0.03125 0.0875
2 0.57421875 0.31354166666666666 0.0671875 0.03958333333333333
2 0.8132812500000001 0.4947916666666667 0.051562500000000004 0.07291666666666667
2 0.9109375000000001 0.4947916666666667 0.05625 0.06875
2 0.9164062500000001 0.625 0.051562500000000004 0.075
2 0.8187500000000001 0.6260416666666666 0.05625 0.07291666666666667
