0 0.3046875 0.275 0.28750000000000003 0.375
0 0.7210937500000001 0.6895833333333333 0.2921875 0.37916666666666665
1 0.2921875 0.24270833333333333 0.07187500000000001 0.09375
1 0.7445312500000001 0.690625 0.0734375 0.10208333333333333
2 0.22187500000000002 0.19375 0.07187500000000001 0.10833333333333334
2 0.359375 0.159375 0.08750000000000001 0.08958333333333333
2 0.38359375 0.33541666666666664 0.0703125 0.1125
2 0.24531250000000002 0.37083333333333335 0.08750000000000001 0.09166666666666666
2 0.6578125 0.5864583333333333 0.08125 0.10208333333333333
2 0.80078125 0.59375 0.0765625 0.10833333333333334
2 0.8 0.7864583333333334 0.078125 0.10625
2 0.6570312500000001 0.7802083333333333 0.07968750000000001 0.11041666666666666
