0 0.39453125 0.49895833333333334 0.1953125 0.26458333333333334
0 0.60859375 0.53125 0.20468750000000002 0.2708333333333333
0 0.26406250000000003 0.80625 0.19375 0.2833333333333333
0 0.46718750000000003 0.7458333333333333 0.20625000000000002 0.2833333333333333
1 0.25 0.8114583333333333 0.05 0.07291666666666667
1 0.4578125 0.7489583333333333 0.053125000000000006 0.07291666666666667
1 0.38203125000000004 0.4875 0.0484375 0.06666666666666667
1 0.6078125000000001 0.5166666666666666 0.053125000000000006 0.07083333333333333
2 0.275 0.7114583333333333 0.065625 0.04375
2 0.33046875000000003 0.8177083333333334 0.0328125 0.09791666666666667
2 0.2515625 0.903125 0.06875 0.04791666666666666
2 0.19765625 0.7958333333333333 0.0328125 0.09583333333333333
2 0.32656250000000003 0.4791666666666667 0.034375 0.0875
2 0.40390625 0.40729166666666666 0.06406250000000001 0.04375
2 0.4546875 0.5072916666666667 0.034375 0.08958333333333333
2 0.3765625 0.58125 0.065625 0.04583333333333333
2 0.41328125000000004 0.678125 0.0546875 0.07708333333333334
2 0.5140625 0.6760416666666667 0.05625 0.07708333333333334
2 0.51484375 0.8156249999999999 0.0578125 0.08125
2 0.41328125000000004 0.8166666666666667 0.0578125 0.07916666666666666
2 0.54921875 0.5760416666666667 0.0484375 0.08541666666666667
2 0.6484375 0.6020833333333333 0.065625 0.06666666666666667
2 0.6671875 0.4739583333333333 0.053125000000000006 0.08125
2 0.56875 0.44687499999999997 0.0625 0.06458333333333333
