0 0.41484375 0.2552083333333333 0.20468750000000002 0.27708333333333335
0 0.6335937500000001 0.3145833333333333 0.2078125 0.275
0 0.509375 0.5583333333333333 0.21250000000000002 0.2833333333333333
0 0.81171875 0.5489583333333333 0.22031250000000002 0.28125
1 0.51328125 0.553125 0.0546875 0.06875
1 0.8382812500000001 0.5416666666666666 0.051562500000000004 0.07083333333333333
1 0.64453125 0.29270833333333335 0.051562500000000004 0.06875
1 0.41171875 0.23124999999999998 0.0546875 0.07083333333333333
2 0.34453125 0.221875 0.0390625 0.08958333333333333
2 0.43203125000000003 0.16041666666666665 0.0703125 0.05
2 0.48281250000000003 0.271875 0.037500000000000006 0.08958333333333333
2 0.3953125 0.33541666666666664 0.07187500000000001 0.05
2 0.50703125 0.45729166666666665 0.0734375 0.04791666666666666
2 0.4390625 0.5614583333333333 0.034375 0.09791666666666667
2 0.584375 0.546875 0.034375 0.09791666666666667
2 0.51796875 0.6520833333333333 0.0734375 0.04583333333333333
2 0.6023437500000001 0.225 0.06406250000000001 0.058333333333333334
2 0.6976562500000001 0.26458333333333334 0.0484375 0.08333333333333333
2 0.57578125 0.3489583333333333 0.0484375 0.08541666666666667
2 0.6726562500000001 0.38645833333333335 0.0671875 0.06041666666666667
2 0.7601562500000001 0.5 0.0421875 0.0875
2 0.85078125 0.4614583333333333 0.06406250000000001 0.06458333333333333
2 0.884375 0.5895833333333333 0.043750000000000004 0.0875
2 0.79296875 0.6291666666666667 0.0671875 0.0625
