0 0.571875 0.3625 0.25625000000000003 0.3375
0 0.58046875 0.7114583333333333 0.2671875 0.36041666666666666
1 0.5906250000000001 0.709375 0.06875 0.09375
1 0.58125 0.3364583333333333 0.065625 0.08541666666666667
2 0.5984375000000001 0.24375 0.084375 0.0625
2 0.6609375000000001 0.3833333333333333 0.046875 0.1125
2 0.55234375 0.459375 0.0890625 0.06458333333333333
2 0.49062500000000003 0.31875 0.05 0.1125
2 0.6117187500000001 0.5885416666666666 0.0890625 0.06875
2 0.6726562500000001 0.7458333333333333 0.051562500000000004 0.125
2 0.55703125 0.828125 0.0921875 0.07291666666666667
2 0.496875 0.6677083333333333 0.053125000000000006 0.12291666666666666
