0 0.23125 0.7260416666666667 0.23750000000000002 0.3104166666666667
0 0.55703125 0.196875 0.2171875 0.29791666666666666
0 0.57578125 0.8239583333333333 0.2265625 0.3145833333333333
1 0.21406250000000002 0.7364583333333333 0.059375000000000004 0.08125
1 0.58125 0.8427083333333333 0.059375000000000004 0.08125
1 0.5632812500000001 0.17083333333333334 0.0546875 0.07083333333333333
2 0.17265625 0.65 0.0671875 0.08333333333333333
2 0.28671875 0.6572916666666666 0.060937500000000006 0.08541666666666667
2 0.28046875 0.8083333333333333 0.0671875 0.08333333333333333
2 0.16484375 0.8041666666666667 0.060937500000000006 0.0875
2 0.5140625 0.76875 0.05625 0.09166666666666666
2 0.6234375000000001 0.7427083333333333 0.06875 0.07708333333333334
2 0.64375 0.8916666666666666 0.05625 0.09583333333333333
2 0.5328125 0.9197916666666667 0.06875 0.07708333333333334
2 0.50625 0.11770833333333333 0.059375000000000004 0.07708333333333334
2 0.6125 0.11875 0.059375000000000004 0.07916666666666666
2 0.6140625000000001 0.2583333333333333 0.059375000000000004 0.07916666666666666
2 0.50625 0.2583333333333333 0.0625 0.07916666666666666
