0 0.1796875 0.7125 0.253125 0.31666666666666665
0 0.43671875000000004 0.45 0.2234375 0.3
0 0.6843750000000001 0.296875 0.21875 0.2895833333333333
0 0.56171875 0.725 0.2328125 0.3125
1 0.15625 0.7104166666666667 0.0625 0.08333333333333333
1 0.56796875 0.7270833333333333 0.060937500000000006 0.08333333333333333
1 0.43359375 0.4322916666666667 0.0578125 0.07708333333333334
1 0.6984375 0.26875 0.05625 0.07083333333333333
2 0.09921875000000001 0.6572916666666666 0.0578125 0.10208333333333333
2 0.215625 0.6135416666666667 0.07500000000000001 0.07291666666666667
2 0.12578125 0.809375 0.0765625 0.07291666666666667
2 0.24296875 0.7635416666666667 0.0578125 0.10625
2 0.4921875 0.6802083333333333 0.05 0.10208333333333333
2 0.596875 0.625 0.07500000000000001 0.06666666666666667
2 0.63828125 0.76875 0.0484375 0.10416666666666667
2 0.5320312500000001 0.825 0.0765625 0.07083333333333333
2 0.35703125 0.44687499999999997 0.0328125 0.10208333333333333
2 0.43125 0.3416666666666667 0.078125 0.04583333333333333
2 0.51171875 0.4375 0.035937500000000004 0.1
2 0.4375 0.5427083333333333 0.08125 0.04791666666666666
2 0.675 0.19166666666666665 0.07187500000000001 0.041666666666666664
2 0.7609375 0.2708333333333333 0.040625 0.09583333333333333
2 0.6171875 0.3 0.040625 0.09583333333333333
2 0.7054687500000001 0.378125 0.0734375 0.04791666666666666
