0 0.21015625000000002 0.56875 0.22968750000000002 0.2875
0 0.325 0.3260416666666667 0.21250000000000002 0.2895833333333333
0 0.534375 0.2989583333333333 0.20625000000000002 0.28541666666666665
0 0.6898437500000001 0.4927083333333333 0.22031250000000002 0.28125
1 0.18906250000000002 0.5666666666666667 0.05625 0.075
1 0.3140625 0.30833333333333335 0.053125000000000006 0.07083333333333333
1 0.53671875 0.2791666666666667 0.0546875 0.07083333333333333
1 0.70234375 0.48333333333333334 0.0546875 0.075
2 0.2234375 0.46979166666666666 0.07187500000000001 0.052083333333333336
2 0.2734375 0.590625 0.040625 0.09791666666666667
2 0.13046875 0.540625 0.0421875 0.09791666666666667
2 0.18125000000000002 0.6635416666666667 0.07500000000000001 0.05625
2 0.25 0.328125 0.034375 0.09375
2 0.3171875 0.22708333333333333 0.07187500000000001 0.041666666666666664
2 0.39453125 0.31145833333333334 0.0328125 0.09375
2 0.32656250000000003 0.4145833333333333 0.07187500000000001 0.04583333333333333
2 0.48046875 0.23020833333333332 0.0546875 0.07708333333333334
2 0.58359375 0.21979166666666666 0.060937500000000006 0.07291666666666667
2 0.5921875 0.3541666666666667 0.05625 0.07916666666666666
2 0.48671875000000003 0.365625 0.060937500000000006 0.07291666666666667
2 0.62890625 0.440625 0.0484375 0.08958333333333333
2 0.728125 0.40208333333333335 0.06875 0.06666666666666667
2 0.759375 0.534375 0.05 0.08958333333333333
2 0.659375 0.5739583333333333 0.06875 0.06875
