0 0.37421875000000004 0.2 0.21406250000000002 0.2916666666666667
0 0.540625 0.4895833333333333 0.1875 0.25416666666666665
0 0.39140625 0.7583333333333333 0.1921875 0.26666666666666666
0 0.58828125 0.7395833333333334 0.2015625 0.2708333333333333
1 0.35781250000000003 0.16354166666666667 0.053125000000000006 0.06875
1 0.5359375000000001 0.47291666666666665 0.05 0.0625
1 0.5875 0.7354166666666666 0.053125000000000006 0.07083333333333333
1 0.3796875 0.7552083333333334 0.05 0.06875
2 0.31875000000000003 0.121875 0.05625 0.07291666666666667
2 0.42109375000000004 0.11562499999999999 0.0578125 0.07291666666666667
2 0.41953125 0.24791666666666667 0.060937500000000006 0.075
2 0.3140625 0.25416666666666665 0.05625 0.07083333333333333
2 0.4765625 0.4552083333333333 0.037500000000000006 0.08125
2 0.5593750000000001 0.40208333333333335 0.0625 0.04583333333333333
2 0.60078125 0.5083333333333333 0.0390625 0.08333333333333333
2 0.5164062500000001 0.5625 0.06406250000000001 0.05
2 0.54453125 0.6635416666666667 0.0578125 0.06875
2 0.6429687500000001 0.6791666666666667 0.0546875 0.07916666666666666
2 0.6335937500000001 0.8125 0.060937500000000006 0.07083333333333333
2 0.5328125 0.7958333333333333 0.05 0.08333333333333333
2 0.325 0.7302083333333333 0.037500000000000006 0.08958333333333333
2 0.40703125 0.6677083333333333 0.06406250000000001 0.04791666666666666
2 0.45156250000000003 0.7791666666666667 0.037500000000000006 0.09166666666666666
2 0.3671875 0.8447916666666666 0.065625 0.052083333333333336
