0 0.25625000000000003 0.2895833333333333 0.203125 0.26666666666666666
0 0.71640625 0.340625 0.2015625 0.2604166666666667
0 0.5554687500000001 0.6333333333333333 0.1953125 0.26666666666666666
0 0.2484375 0.6739583333333333 0.21250000000000002 0.27291666666666664
1 0.2328125 0.6791666666666667 0.053125000000000006 0.07083333333333333
1 0.55859375 0.6322916666666667 0.051562500000000004 0.06875
1 0.7296875 0.32395833333333335 0.05 0.06458333333333333
1 0.2421875 0.2677083333333333 0.05 0.06458333333333333
2 0.23125 0.19895833333333332 0.065625 0.052083333333333336
2 0.31562500000000004 0.25 0.040625 0.08333333333333333
2 0.2734375 0.3614583333333333 0.065625 0.052083333333333336
2 0.1875 0.309375 0.040625 0.08541666666666667
2 0.18046875 0.6302083333333334 0.0484375 0.08541666666666667
2 0.27734375 0.5927083333333333 0.06406250000000001 0.06041666666666667
2 0.30390625000000004 0.7208333333333333 0.0484375 0.0875
2 0.20625000000000002 0.7614583333333333 0.065625 0.06458333333333333
2 0.4921875 0.59375 0.043750000000000004 0.0875
2 0.5281250000000001 0.7166666666666667 0.065625 0.058333333333333334
2 0.6195312500000001 0.66875 0.0421875 0.0875
2 0.5828125000000001 0.5447916666666667 0.065625 0.05625
2 0.659375 0.296875 0.040625 0.08125
2 0.74765625 0.2552083333333333 0.06406250000000001 0.05625
2 0.7828125 0.3729166666666667 0.040625 0.08333333333333333
2 0.69296875 0.41354166666666664 0.06406250000000001 0.05625
