0 0.33125000000000004 0.6364583333333333 0.296875 0.39375
0 0.47187500000000004 0.4270833333333333 0.28750000000000003 0.37916666666666665
1 0.2859375 0.6989583333333333 0.06875 0.08958333333333333
1 0.46875 0.4270833333333333 0.07500000000000001 0.1
2 0.22031250000000002 0.6625 0.043750000000000004 0.11666666666666667
2 0.28828125 0.540625 0.09843750000000001 0.06041666666666667
2 0.40390625 0.671875 0.0546875 0.13125
2 0.33203125 0.7864583333333334 0.0921875 0.052083333333333336
2 0.3828125 0.3645833333333333 0.065625 0.125
2 0.51796875 0.30833333333333335 0.09531250000000001 0.09166666666666666
2 0.56015625 0.48854166666666665 0.06406250000000001 0.12291666666666666
