0 0.43593750000000003 0.35104166666666664 0.22187500000000002 0.29375
0 0.73046875 0.5520833333333334 0.22031250000000002 0.2875
1 0.44375000000000003 0.3208333333333333 0.05625 0.07083333333333333
1 0.759375 0.5354166666666667 0.05 0.07083333333333333
2 0.40234375 0.2520833333333333 0.0703125 0.058333333333333334
2 0.50625 0.296875 0.05 0.08541666666666667
2 0.47734375 0.42604166666666665 0.0703125 0.06458333333333333
2 0.371875 0.3833333333333333 0.053125000000000006 0.09166666666666666
2 0.69140625 0.46979166666666666 0.0546875 0.07291666666666667
2 0.7898437500000001 0.47812499999999997 0.0546875 0.07708333333333334
2 0.7953125000000001 0.6177083333333333 0.053125000000000006 0.07708333333333334
2 0.6937500000000001 0.6104166666666666 0.059375000000000004 0.08333333333333333
