0 0.25703125 0.25104166666666666 0.2765625 0.35625
0 0.8250000000000001 0.5104166666666666 0.265625 0.3333333333333333
0 0.5125000000000001 0.7989583333333333 0.2625 0.3645833333333333
1 0.24375000000000002 0.22395833333333334 0.07187500000000001 0.09375
1 0.51953125 0.8166666666666667 0.0703125 0.09583333333333333
1 0.8601562500000001 0.5083333333333333 0.06406250000000001 0.0875
2 0.17421875 0.17291666666666666 0.0703125 0.10833333333333334
2 0.30546875 0.140625 0.08281250000000001 0.08541666666666667
2 0.33203125 0.3104166666666667 0.0671875 0.10833333333333334
2 0.20078125000000002 0.34375 0.0859375 0.0875
2 0.759375 0.48125 0.043750000000000004 0.11666666666666667
2 0.85859375 0.4 0.08281250000000001 0.0625
2 0.92109375 0.5395833333333333 0.045312500000000006 0.11666666666666667
2 0.8210937500000001 0.621875 0.0859375 0.06458333333333333
2 0.48828125 0.6875 0.0890625 0.07083333333333333
2 0.6015625 0.7635416666666667 0.053125000000000006 0.11875
2 0.54453125 0.91875 0.0890625 0.075
2 0.43046875 0.84375 0.0546875 0.12083333333333333
