0 0.32656250000000003 0.321875 0.225 0.29375
0 0.43593750000000003 0.5791666666666666 0.225 0.3
0 0.6484375 0.48125 0.22187500000000002 0.29583333333333334
1 0.3171875 0.30104166666666665 0.05625 0.07291666666666667
1 0.43203125000000003 0.571875 0.0578125 0.07708333333333334
1 0.659375 0.46979166666666666 0.05625 0.07708333333333334
2 0.28125 0.23124999999999998 0.06875 0.07083333333333333
2 0.38828125 0.259375 0.0546875 0.08541666666666667
2 0.25859375 0.37083333333333335 0.0546875 0.0875
2 0.3671875 0.396875 0.07187500000000001 0.07291666666666667
2 0.37421875000000004 0.50625 0.060937500000000006 0.0875
2 0.48671875000000003 0.49374999999999997 0.0671875 0.07916666666666666
2 0.49453125000000003 0.6427083333333333 0.060937500000000006 0.08958333333333333
2 0.38203125000000004 0.6552083333333333 0.0671875 0.08125
2 0.5945312500000001 0.40520833333333334 0.0578125 0.08125
2 0.703125 0.4010416666666667 0.0625 0.07708333333333334
2 0.71015625 0.546875 0.0578125 0.08541666666666667
2 0.6000000000000001 0.5510416666666667 0.065625 0.08125
