0 0.2984375 0.7145833333333333 0.22812500000000002 0.3
0 0.41250000000000003 0.47604166666666664 0.20625000000000002 0.27291666666666664
0 0.63203125 0.7833333333333333 0.2234375 0.3
0 0.84765625 0.3697916666666667 0.2109375 0.2604166666666667
1 0.28671875 0.7052083333333333 0.0578125 0.07708333333333334
1 0.40859375000000003 0.4479166666666667 0.051562500000000004 0.06666666666666667
1 0.64375 0.778125 0.05625 0.07708333333333334
1 0.8718750000000001 0.3385416666666667 0.05 0.06041666666666667
2 0.2171875 0.7072916666666667 0.040625 0.10625
2 0.30000000000000004 0.60625 0.07500000000000001 0.04583333333333333
2 0.37031250000000004 0.7072916666666667 0.037500000000000006 0.10208333333333333
2 0.28750000000000003 0.8125 0.08125 0.05
2 0.37343750000000003 0.3875 0.0625 0.0625
2 0.47187500000000004 0.41354166666666664 0.05 0.07708333333333334
2 0.35000000000000003 0.5135416666666667 0.05 0.08125
2 0.45 0.5395833333333333 0.065625 0.06666666666666667
2 0.5859375 0.6989583333333333 0.0625 0.07708333333333334
2 0.69296875 0.7135416666666666 0.060937500000000006 0.08541666666666667
2 0.6882812500000001 0.8624999999999999 0.06406250000000001 0.08333333333333333
2 0.5789062500000001 0.8489583333333334 0.060937500000000006 0.09375
2 0.7984375 0.309375 0.043750000000000004 0.07291666666666667
2 0.8875000000000001 0.2895833333333333 0.0625 0.058333333333333334
2 0.9171875 0.4041666666666667 0.043750000000000004 0.075
2 0.82734375 0.425 0.06406250000000001 0.0625
