0 0.28359375000000003 0.32708333333333334 0.27968750000000003 0.3625
0 0.7171875000000001 0.725 0.3125 0.4125
1 0.25078125 0.30833333333333335 0.0671875 0.09583333333333333
1 0.71796875 0.7375 0.08281250000000001 0.10833333333333334
2 0.1953125 0.2625 0.0625 0.1125
2 0.31953125000000004 0.21041666666666667 0.08281250000000001 0.08333333333333333
2 0.34921875 0.3833333333333333 0.06406250000000001 0.11666666666666667
2 0.22265625 0.43124999999999997 0.07968750000000001 0.08333333333333333
2 0.634375 0.621875 0.084375 0.11041666666666666
2 0.7921875 0.6239583333333333 0.09062500000000001 0.11458333333333333
2 0.7953125000000001 0.8333333333333334 0.09062500000000001 0.11666666666666667
2 0.6359375 0.825 0.08750000000000001 0.11666666666666667
