0 0.31875000000000003 0.16145833333333334 0.21250000000000002 0.28541666666666665
0 0.66328125 0.6364583333333333 0.2171875 0.28541666666666665
0 0.8617187500000001 0.35104166666666664 0.21406250000000002 0.26875
0 0.30312500000000003 0.7989583333333333 0.23125 0.3104166666666667
1 0.29375 0.809375 0.059375000000000004 0.08125
1 0.67734375 0.634375 0.0546875 0.07708333333333334
1 0.8890625000000001 0.3302083333333333 0.05 0.06875
1 0.31093750000000003 0.12604166666666666 0.053125000000000006 0.06875
2 0.27968750000000003 0.065625 0.065625 0.06041666666666667
2 0.3796875 0.10416666666666667 0.05 0.08333333333333333
2 0.353125 0.22708333333333333 0.06875 0.0625
2 0.2515625 0.19166666666666665 0.05 0.0875
2 0.3015625 0.6947916666666667 0.078125 0.04791666666666666
2 0.37890625 0.796875 0.035937500000000004 0.10625
2 0.30000000000000004 0.9083333333333333 0.08125 0.05
2 0.22109375 0.8041666666666667 0.035937500000000004 0.10833333333333334
2 0.64765625 0.540625 0.0703125 0.052083333333333336
2 0.7359375 0.6104166666666666 0.040625 0.09583333333333333
2 0.59921875 0.6604166666666667 0.0421875 0.1
2 0.6890625 0.7302083333333333 0.07187500000000001 0.05625
2 0.8453125 0.25729166666666664 0.065625 0.052083333333333336
2 0.93359375 0.3145833333333333 0.0421875 0.0875
2 0.8093750000000001 0.3697916666666667 0.040625 0.08958333333333333
2 0.8984375 0.4270833333333333 0.065625 0.05416666666666667
