0 0.22421875000000002 0.5239583333333333 0.2265625 0.2895833333333333
0 0.44296875 0.49583333333333335 0.22031250000000002 0.2916666666666667
0 0.56015625 0.2583333333333333 0.21406250000000002 0.2916666666666667
0 0.71484375 0.4614583333333333 0.2265625 0.29375
1 0.20390625 0.51875 0.0578125 0.075
1 0.43828125 0.48541666666666666 0.0546875 0.075
1 0.5632812500000001 0.23541666666666666 0.0546875 0.07083333333333333
1 0.728125 0.45208333333333334 0.05625 0.075
2 0.1453125 0.4927083333333333 0.043750000000000004 0.09791666666666667
2 0.2390625 0.4239583333333333 0.07500000000000001 0.05625
2 0.2890625 0.5458333333333333 0.040625 0.1
2 0.1953125 0.615625 0.07500000000000001 0.05625
2 0.36562500000000003 0.4927083333333333 0.034375 0.10208333333333333
2 0.43984375000000003 0.38958333333333334 0.0765625 0.04583333333333333
2 0.5171875 0.4864583333333333 0.034375 0.10208333333333333
2 0.44296875 0.590625 0.0765625 0.04375
2 0.6531250000000001 0.40729166666666666 0.05 0.08958333333333333
2 0.75546875 0.37083333333333335 0.0703125 0.06666666666666667
2 0.6820312500000001 0.54375 0.0703125 0.07083333333333333
2 0.784375 0.50625 0.053125000000000006 0.09166666666666666
2 0.50625 0.18645833333333334 0.05625 0.07708333333333334
2 0.6117187500000001 0.178125 0.060937500000000006 0.07291666666666667
2 0.61875 0.31666666666666665 0.05625 0.07916666666666666
2 0.51171875 0.32395833333333335 0.060937500000000006 0.07291666666666667
