0 0.19140625 0.6260416666666666 0.27968750000000003 0.35625
0 0.7109375 0.36354166666666665 0.290625 0.3729166666666667
1 0.15859375 0.6427083333333333 0.0671875 0.08958333333333333
1 0.71875 0.3614583333333333 0.07500000000000001 0.10208333333333333
2 0.10312500000000001 0.5614583333333333 0.0625 0.10625
2 0.22968750000000002 0.5291666666666667 0.08125 0.0875
2 0.2546875 0.7010416666666667 0.0625 0.10625
2 0.1296875 0.7302083333333333 0.078125 0.08541666666666667
2 0.6351562500000001 0.28125 0.0734375 0.1125
2 0.7765625 0.26145833333333335 0.084375 0.10208333333333333
2 0.7875000000000001 0.44895833333333335 0.078125 0.11041666666666666
2 0.6468750000000001 0.465625 0.084375 0.09791666666666667
