0 0.50234375 0.678125 0.2015625 0.27708333333333335
0 0.47578125000000004 0.41041666666666665 0.19843750000000002 0.2625
0 0.603125 0.16979166666666667 0.17500000000000002 0.24375
1 0.6273437500000001 0.13854166666666667 0.0390625 0.05625
1 0.49375 0.3958333333333333 0.046875 0.06666666666666667
1 0.5234375 0.675 0.05 0.07083333333333333
2 0.58203125 0.08645833333333333 0.0484375 0.04791666666666666
2 0.6585937500000001 0.125 0.0390625 0.07083333333333333
2 0.64765625 0.22395833333333334 0.0484375 0.04791666666666666
2 0.56953125 0.18958333333333333 0.0421875 0.075
2 0.5164062500000001 0.33229166666666665 0.0578125 0.06458333333333333
2 0.4265625 0.3541666666666667 0.046875 0.07916666666666666
2 0.45 0.48020833333333335 0.0625 0.06458333333333333
2 0.540625 0.45625 0.043750000000000004 0.07916666666666666
2 0.48125 0.590625 0.0625 0.06041666666666667
2 0.45156250000000003 0.7208333333333333 0.046875 0.09166666666666666
2 0.5703125 0.6322916666666667 0.043750000000000004 0.08541666666666667
2 0.5437500000000001 0.759375 0.0625 0.06458333333333333
