0 0.40625 0.44375 0.203125 0.2708333333333333
0 0.29453125 0.6864583333333333 0.2234375 0.29375
0 0.5140625 0.6770833333333334 0.21250000000000002 0.2916666666666667
0 0.8382812500000001 0.33229166666666665 0.2109375 0.25625
1 0.86328125 0.29791666666666666 0.0484375 0.058333333333333334
1 0.40234375 0.41770833333333335 0.051562500000000004 0.06458333333333333
1 0.28359375000000003 0.6739583333333333 0.0578125 0.07708333333333334
1 0.515625 0.6645833333333333 0.05625 0.075
2 0.21406250000000002 0.6791666666666667 0.037500000000000006 0.10416666666666667
2 0.29531250000000003 0.578125 0.07500000000000001 0.04375
2 0.3671875 0.6760416666666667 0.034375 0.10208333333333333
2 0.28671875 0.7802083333333333 0.07968750000000001 0.04791666666666666
2 0.45859375 0.740625 0.060937500000000006 0.08541666666666667
2 0.5671875000000001 0.74375 0.0625 0.08333333333333333
2 0.5671875000000001 0.6 0.059375000000000004 0.07916666666666666
2 0.46171875 0.596875 0.060937500000000006 0.07708333333333334
2 0.36562500000000003 0.35833333333333334 0.0625 0.0625
2 0.46406250000000004 0.38229166666666664 0.05 0.07708333333333334
2 0.34375 0.4822916666666667 0.05 0.08125
2 0.44375000000000003 0.5072916666666667 0.065625 0.06458333333333333
2 0.7898437500000001 0.2708333333333333 0.0421875 0.07083333333333333
2 0.81953125 0.384375 0.06406250000000001 0.06041666666666667
2 0.909375 0.3614583333333333 0.043750000000000004 0.07291666666666667
2 0.8773437500000001 0.24687499999999998 0.060937500000000006 0.05625
