0 0.39765625000000004 0.19479166666666667 0.24531250000000002 0.32708333333333334
0 0.6359375 0.8020833333333334 0.265625 0.3625
1 0.6484375 0.8114583333333333 0.06875 0.09375
1 0.3921875 0.15729166666666666 0.0625 0.07708333333333334
2 0.321875 0.12916666666666665 0.059375000000000004 0.1
2 0.4390625 0.08541666666666667 0.078125 0.07083333333333333
2 0.47187500000000004 0.23020833333333332 0.05625 0.10208333333333333
2 0.35468750000000004 0.275 0.078125 0.07083333333333333
2 0.56484375 0.7354166666666666 0.06406250000000001 0.10833333333333334
2 0.6882812500000001 0.7 0.08281250000000001 0.0875
2 0.71875 0.8708333333333333 0.0625 0.1125
2 0.5921875 0.9083333333333333 0.084375 0.0875
