0 0.10625000000000001 0.5239583333333333 0.209375 0.27291666666666664
0 0.3171875 0.5229166666666667 0.21250000000000002 0.275
0 0.31796875 0.25416666666666665 0.20468750000000002 0.2625
0 0.8562500000000001 0.39166666666666666 0.21250000000000002 0.2625
1 0.08125 0.5083333333333333 0.05625 0.07083333333333333
1 0.30546875 0.5104166666666666 0.0546875 0.07083333333333333
1 0.30859375 0.228125 0.051562500000000004 0.06458333333333333
1 0.88046875 0.3729166666666667 0.051562500000000004 0.06666666666666667
2 0.02734375 0.4947916666666667 0.0421875 0.09375
2 0.1171875 0.42291666666666666 0.07187500000000001 0.05
2 0.16718750000000002 0.5354166666666667 0.040625 0.09583333333333333
2 0.07578125000000001 0.609375 0.0734375 0.052083333333333336
2 0.2421875 0.5104166666666666 0.037500000000000006 0.09583333333333333
2 0.3203125 0.421875 0.07187500000000001 0.04375
2 0.38593750000000004 0.5229166666666667 0.034375 0.09583333333333333
2 0.30703125000000003 0.6114583333333333 0.0734375 0.04375
2 0.25390625 0.29375 0.0484375 0.07916666666666666
2 0.3515625 0.31979166666666664 0.0625 0.06041666666666667
2 0.37421875000000004 0.19895833333333332 0.0484375 0.07708333333333334
2 0.27734375 0.171875 0.060937500000000006 0.06041666666666667
2 0.8031250000000001 0.4166666666666667 0.043750000000000004 0.0875
2 0.83515625 0.30104166666666665 0.06406250000000001 0.052083333333333336
2 0.9265625000000001 0.3520833333333333 0.043750000000000004 0.0875
2 0.8953125000000001 0.46770833333333334 0.065625 0.05625
