0 0.24453125 0.678125 0.21406250000000002 0.27708333333333335
0 0.55625 0.6489583333333333 0.203125 0.26875
0 0.52890625 0.3802083333333333 0.19843750000000002 0.26875
0 0.73046875 0.3572916666666667 0.20468750000000002 0.26458333333333334
1 0.22812500000000002 0.68125 0.053125000000000006 0.07083333333333333
1 0.56015625 0.65 0.051562500000000004 0.07083333333333333
1 0.53359375 0.365625 0.051562500000000004 0.06875
1 0.7429687500000001 0.3416666666666667 0.051562500000000004 0.06666666666666667
2 0.17734375000000002 0.6302083333333334 0.051562500000000004 0.08541666666666667
2 0.27578125000000003 0.59375 0.06406250000000001 0.0625
2 0.30000000000000004 0.7270833333333333 0.05 0.0875
2 0.2 0.7625 0.065625 0.06666666666666667
2 0.49375 0.60625 0.043750000000000004 0.0875
2 0.5875 0.5614583333333333 0.065625 0.06041666666666667
2 0.62109375 0.6875 0.045312500000000006 0.09166666666666666
2 0.52734375 0.7333333333333333 0.0671875 0.0625
2 0.4625 0.3729166666666667 0.03125 0.09166666666666666
2 0.5328125 0.2833333333333333 0.06875 0.041666666666666664
2 0.60078125 0.375 0.0328125 0.09166666666666666
2 0.53125 0.46458333333333335 0.07187500000000001 0.041666666666666664
2 0.671875 0.3104166666666667 0.043750000000000004 0.08333333333333333
2 0.7640625000000001 0.2708333333333333 0.065625 0.058333333333333334
2 0.7039062500000001 0.4322916666666667 0.06406250000000001 0.06041666666666667
2 0.79609375 0.3927083333333333 0.045312500000000006 0.08541666666666667
