0 0.42500000000000004 0.3052083333333333 0.215625 0.2895833333333333
0 0.68671875 0.3520833333333333 0.2109375 0.2791666666666667
0 0.4859375 0.7739583333333333 0.22812500000000002 0.3104166666666667
1 0.42812500000000003 0.2791666666666667 0.05625 0.07083333333333333
1 0.70703125 0.3302083333333333 0.051562500000000004 0.06875
1 0.49296875 0.778125 0.0578125 0.08125
2 0.37890625 0.21875 0.06406250000000001 0.07083333333333333
2 0.48515625 0.23541666666666666 0.0578125 0.07916666666666666
2 0.3671875 0.35625 0.059375000000000004 0.08333333333333333
2 0.47578125000000004 0.3697916666666667 0.06406250000000001 0.07291666666666667
2 0.6414062500000001 0.2760416666666667 0.0546875 0.07291666666666667
2 0.74140625 0.2760416666666667 0.0578125 0.07291666666666667
2 0.7484375000000001 0.409375 0.053125000000000006 0.07708333333333334
2 0.6484375 0.41041666666666665 0.059375000000000004 0.075
2 0.509375 0.6697916666666667 0.07500000000000001 0.05625
2 0.41328125000000004 0.7447916666666666 0.045312500000000006 0.10625
2 0.5640625 0.7989583333333333 0.040625 0.10625
2 0.46718750000000003 0.8760416666666666 0.08125 0.06041666666666667
