0 0.33671875 0.409375 0.21406250000000002 0.28125
0 0.45703125 0.740625 0.2171875 0.29375
0 0.54609375 0.375 0.20468750000000002 0.2791666666666667
0 0.64609375 0.1625 0.20468750000000002 0.2791666666666667
1 0.32890625 0.3927083333333333 0.0546875 0.07291666666666667
1 0.55234375 0.3572916666666667 0.0546875 0.06875
1 0.6585937500000001 0.128125 0.051562500000000004 0.06458333333333333
1 0.4546875 0.746875 0.05625 0.07708333333333334
2 0.26406250000000003 0.378125 0.040625 0.09375
2 0.35468750000000004 0.3104166666666667 0.07187500000000001 0.05
2 0.40625 0.42604166666666665 0.040625 0.09375
2 0.31562500000000004 0.4947916666666667 0.07500000000000001 0.052083333333333336
2 0.47734375 0.37395833333333334 0.0328125 0.09375
2 0.553125 0.4614583333333333 0.07500000000000001 0.04375
2 0.6195312500000001 0.36354166666666665 0.0328125 0.09375
2 0.54296875 0.2760416666666667 0.0703125 0.04375
2 0.59765625 0.08854166666666667 0.051562500000000004 0.07291666666666667
2 0.6953125 0.08020833333333333 0.059375000000000004 0.06458333333333333
2 0.7054687500000001 0.20729166666666665 0.051562500000000004 0.07291666666666667
2 0.60703125 0.21458333333333332 0.0578125 0.06666666666666667
2 0.43671875000000004 0.6447916666666667 0.0734375 0.05625
2 0.52734375 0.7125 0.0421875 0.1
2 0.4765625 0.8375 0.07500000000000001 0.058333333333333334
2 0.38359375 0.7708333333333334 0.0421875 0.1
