0 0.42812500000000003 0.3229166666666667 0.21250000000000002 0.2833333333333333
0 0.29765625 0.5447916666666667 0.2234375 0.2895833333333333
0 0.52265625 0.5729166666666666 0.2171875 0.2916666666666667
0 0.6429687500000001 0.3302083333333333 0.21406250000000002 0.2895833333333333
1 0.28125 0.5395833333333333 0.05625 0.075
1 0.525 0.56875 0.05625 0.075
1 0.65234375 0.30833333333333335 0.0546875 0.07083333333333333
1 0.42421875000000003 0.3 0.0546875 0.07083333333333333
2 0.22109375 0.5072916666666667 0.0484375 0.09791666666666667
2 0.31953125000000004 0.4479166666666667 0.0703125 0.058333333333333334
2 0.36171875000000003 0.5770833333333333 0.045312500000000006 0.1
2 0.26406250000000003 0.6354166666666666 0.07500000000000001 0.0625
2 0.4734375 0.49374999999999997 0.0625 0.075
2 0.58046875 0.503125 0.060937500000000006 0.08541666666666667
2 0.57578125 0.646875 0.06406250000000001 0.08125
2 0.46640625 0.6385416666666667 0.0578125 0.08541666666666667
2 0.35468750000000004 0.3104166666666667 0.034375 0.09583333333333333
2 0.43046875 0.21770833333333334 0.0734375 0.04375
2 0.5 0.31354166666666666 0.034375 0.09375
2 0.42578125 0.40729166666666666 0.0734375 0.04375
2 0.5945312500000001 0.2520833333333333 0.060937500000000006 0.075
2 0.7000000000000001 0.25729166666666664 0.059375000000000004 0.07708333333333334
2 0.6984375 0.39375 0.059375000000000004 0.075
2 0.59296875 0.3885416666666667 0.0578125 0.07708333333333334
