0 0.37890625 0.33958333333333335 0.21406250000000002 0.2875
0 0.7046875 0.46770833333333334 0.253125 0.32708333333333334
1 0.35000000000000003 0.3229166666666667 0.05 0.07083333333333333
1 0.6953125 0.45729166666666665 0.065625 0.08541666666666667
2 0.325 0.259375 0.05625 0.07291666666666667
2 0.421875 0.26979166666666665 0.05 0.08125
2 0.40625 0.409375 0.0625 0.07708333333333334
2 0.31015625 0.396875 0.0484375 0.08125
2 0.63203125 0.39166666666666666 0.06406250000000001 0.09166666666666666
2 0.75546875 0.37395833333333334 0.0765625 0.08541666666666667
2 0.7671875 0.5375 0.06875 0.09583333333333333
2 0.6421875 0.55 0.07187500000000001 0.0875
