0 0.27734375 0.528125 0.2484375 0.31875
0 0.45625000000000004 0.31666666666666665 0.25 0.3375
0 0.5 0.640625 0.25 0.33541666666666664
1 0.48828125 0.6510416666666666 0.06406250000000001 0.08958333333333333
1 0.246875 0.528125 0.059375000000000004 0.08541666666666667
1 0.44375000000000003 0.2989583333333333 0.0625 0.08541666666666667
2 0.1875 0.509375 0.040625 0.11041666666666666
2 0.27890625 0.41875 0.07968750000000001 0.05416666666666667
2 0.34453125 0.546875 0.0421875 0.11458333333333333
2 0.25234375000000003 0.6354166666666666 0.07968750000000001 0.05416666666666667
2 0.43125 0.5635416666666666 0.065625 0.09375
2 0.55625 0.5583333333333333 0.07187500000000001 0.09166666666666666
2 0.5593750000000001 0.7270833333333333 0.06875 0.09583333333333333
2 0.43515625 0.7291666666666666 0.0703125 0.09166666666666666
2 0.37031250000000004 0.2875 0.043750000000000004 0.1125
2 0.46875 0.19791666666666666 0.084375 0.058333333333333334
2 0.5328125 0.33229166666666665 0.046875 0.11458333333333333
2 0.43125 0.4197916666666667 0.084375 0.06041666666666667
