0 0.30546875 0.59375 0.26406250000000003 0.3458333333333333
0 0.8226562500000001 0.41354166666666664 0.2734375 0.33958333333333335
1 0.28828125 0.596875 0.0671875 0.08958333333333333
1 0.84765625 0.4041666666666667 0.0671875 0.0875
2 0.21484375 0.625 0.0484375 0.11666666666666667
2 0.32343750000000004 0.7083333333333334 0.09062500000000001 0.0625
2 0.38593750000000004 0.5635416666666666 0.05 0.11875
2 0.27890625 0.48125 0.0890625 0.06666666666666667
2 0.7601562500000001 0.3375 0.06406250000000001 0.1
2 0.8859375 0.315625 0.078125 0.08541666666666667
2 0.9031250000000001 0.48333333333333334 0.06875 0.10416666666666667
2 0.7757812500000001 0.5052083333333334 0.07968750000000001 0.08541666666666667
