0 0.49140625000000004 0.20625 0.2171875 0.3
0 0.38125000000000003 0.4552083333333333 0.225 0.29791666666666666
0 0.6125 0.44687499999999997 0.225 0.29791666666666666
0 0.5078125 0.7197916666666666 0.22187500000000002 0.29791666666666666
1 0.5078125 0.7322916666666667 0.05625 0.07708333333333334
1 0.62265625 0.4395833333333333 0.0578125 0.075
1 0.37421875000000004 0.4510416666666667 0.0578125 0.07708333333333334
1 0.4921875 0.18333333333333332 0.05625 0.075
2 0.484375 0.10104166666666667 0.07500000000000001 0.04791666666666666
2 0.5671875000000001 0.18854166666666666 0.034375 0.09791666666666667
2 0.41796875 0.20729166666666665 0.035937500000000004 0.09791666666666667
2 0.5 0.29583333333333334 0.07500000000000001 0.04583333333333333
2 0.39765625000000004 0.3541666666666667 0.0765625 0.05416666666666667
2 0.3046875 0.42916666666666664 0.040625 0.1
2 0.45390625 0.47604166666666664 0.0421875 0.10208333333333333
2 0.3609375 0.5510416666666667 0.078125 0.05625
2 0.5578125 0.375 0.059375000000000004 0.08333333333333333
2 0.6664062500000001 0.36666666666666664 0.06406250000000001 0.07916666666666666
2 0.6742187500000001 0.5125 0.060937500000000006 0.0875
2 0.5632812500000001 0.5208333333333334 0.06406250000000001 0.07916666666666666
2 0.50234375 0.6208333333333333 0.0765625 0.05
2 0.58515625 0.7145833333333333 0.035937500000000004 0.10416666666666667
2 0.43125 0.73125 0.037500000000000006 0.10416666666666667
2 0.5140625 0.8270833333333333 0.078125 0.05
