0 0.47734375 0.2125 0.2078125 0.2791666666666667
0 0.56640625 0.521875 0.1765625 0.23958333333333334
0 0.41250000000000003 0.7614583333333333 0.2 0.26875
1 0.42031250000000003 0.7552083333333334 0.05 0.06875
1 0.58203125 0.50625 0.045312500000000006 0.058333333333333334
1 0.4890625 0.17395833333333333 0.053125000000000006 0.06458333333333333
2 0.35234375 0.7260416666666667 0.0421875 0.08958333333333333
2 0.44140625 0.6708333333333333 0.06406250000000001 0.05416666666666667
2 0.48046875 0.7875 0.0390625 0.09166666666666666
2 0.39140625 0.8468749999999999 0.0671875 0.05625
2 0.51953125 0.47812499999999997 0.0390625 0.07708333333333334
2 0.5945312500000001 0.44375 0.0546875 0.05
2 0.628125 0.55 0.034375 0.075
2 0.5515625000000001 0.5864583333333333 0.059375000000000004 0.052083333333333336
2 0.43671875000000004 0.12291666666666666 0.0578125 0.058333333333333334
2 0.53671875 0.14791666666666667 0.051562500000000004 0.075
2 0.42734375 0.24583333333333332 0.0546875 0.07916666666666666
2 0.5296875 0.26875 0.059375000000000004 0.0625
