0 0.44062500000000004 0.309375 0.20625000000000002 0.27708333333333335
0 0.1609375 0.7364583333333333 0.23750000000000002 0.3020833333333333
0 0.8835937500000001 0.30833333333333335 0.2171875 0.2625
1 0.13984375000000002 0.7427083333333333 0.0578125 0.07708333333333334
1 0.44062500000000004 0.28854166666666664 0.053125000000000006 0.06875
1 0.9148437500000001 0.28854166666666664 0.051562500000000004 0.06458333333333333
2 0.07421875 0.7375 0.0390625 0.10416666666666667
2 0.15703125 0.6333333333333333 0.07968750000000001 0.04583333333333333
2 0.23046875 0.734375 0.035937500000000004 0.10208333333333333
2 0.15000000000000002 0.8395833333333333 0.08125 0.05
2 0.38203125000000004 0.3572916666666667 0.0546875 0.08125
2 0.3984375 0.22708333333333333 0.0625 0.06666666666666667
2 0.49843750000000003 0.24687499999999998 0.053125000000000006 0.07708333333333334
2 0.48515625 0.37604166666666666 0.06406250000000001 0.06875
2 0.8406250000000001 0.24375 0.05 0.075
2 0.93671875 0.23124999999999998 0.060937500000000006 0.06666666666666667
2 0.85859375 0.371875 0.060937500000000006 0.06875
2 0.9539062500000001 0.359375 0.0484375 0.07708333333333334
