0 0.2734375 0.6052083333333333 0.21250000000000002 0.27708333333333335
0 0.54453125 0.7572916666666667 0.20468750000000002 0.28125
0 0.40937500000000004 0.21562499999999998 0.19687500000000002 0.26875
0 0.6984375 0.18854166666666666 0.19687500000000002 0.26458333333333334
1 0.26171875 0.6020833333333333 0.0546875 0.07083333333333333
1 0.5484375 0.7645833333333333 0.053125000000000006 0.07083333333333333
1 0.40546875000000004 0.18854166666666666 0.0484375 0.06458333333333333
1 0.7125 0.159375 0.05 0.06458333333333333
2 0.2171875 0.5364583333333334 0.059375000000000004 0.07708333333333334
2 0.3203125 0.5322916666666666 0.05625 0.07291666666666667
2 0.32109375 0.6666666666666666 0.0546875 0.07916666666666666
2 0.21640625000000002 0.671875 0.060937500000000006 0.07708333333333334
2 0.34140625 0.19583333333333333 0.0328125 0.0875
2 0.40156250000000004 0.2895833333333333 0.06875 0.041666666666666664
2 0.47500000000000003 0.21354166666666666 0.03125 0.08541666666666667
2 0.41484375 0.11979166666666667 0.0671875 0.03958333333333333
2 0.52265625 0.66875 0.0671875 0.05416666666666667
2 0.6125 0.7239583333333334 0.040625 0.09375
2 0.47890625000000003 0.790625 0.0421875 0.09375
2 0.5710937500000001 0.8489583333333334 0.0671875 0.05625
2 0.6515625 0.12291666666666666 0.046875 0.07083333333333333
2 0.74375 0.109375 0.05625 0.06458333333333333
2 0.7585937500000001 0.23020833333333332 0.045312500000000006 0.07291666666666667
2 0.665625 0.24375 0.05625 0.0625
