0 0.32265625000000003 0.37916666666666665 0.2078125 0.2708333333333333
0 0.5421875 0.409375 0.203125 0.27291666666666664
0 0.19765625 0.69375 0.2234375 0.2833333333333333
0 0.73984375 0.6229166666666667 0.2171875 0.2791666666666667
1 0.17500000000000002 0.696875 0.053125000000000006 0.07291666666666667
1 0.31171875000000004 0.3625 0.051562500000000004 0.06666666666666667
1 0.5437500000000001 0.39166666666666666 0.053125000000000006 0.06666666666666667
1 0.7562500000000001 0.61875 0.053125000000000006 0.07083333333333333
2 0.11796875000000001 0.6854166666666667 0.035937500000000004 0.1
2 0.20078125000000002 0.596875 0.0734375 0.04375
2 0.26171875 0.7020833333333333 0.035937500000000004 0.1
2 0.178125 0.7927083333333333 0.07500000000000001 0.04791666666666666
2 0.25234375000000003 0.359375 0.035937500000000004 0.08958333333333333
2 0.3328125 0.284375 0.06875 0.04375
2 0.38828125 0.3875 0.035937500000000004 0.09166666666666666
2 0.30625 0.46249999999999997 0.07187500000000001 0.04583333333333333
2 0.50390625 0.3260416666666667 0.060937500000000006 0.06458333333333333
2 0.60078125 0.35104166666666664 0.051562500000000004 0.08125
2 0.58359375 0.4791666666666667 0.06406250000000001 0.06666666666666667
2 0.484375 0.45416666666666666 0.05 0.08333333333333333
2 0.67890625 0.58125 0.0421875 0.09166666666666666
2 0.76953125 0.53125 0.0671875 0.058333333333333334
2 0.8132812500000001 0.6572916666666666 0.0421875 0.09375
2 0.7210937500000001 0.709375 0.0703125 0.06041666666666667
